0.584889
0.115178
0.041320
0.122111
0.280965
1.444840
0.648238
0.032020
0.108618
0.325908
0.192503
3.065065
1.063460
0.182017
0.114562
0.296934
0.254954
0.008623
0.379758
0.930315
0.125646
0.680292
0.938988
0.075476
0.169797
0.333059
1.768793
0.772675
1.497446
0.019643
0.099377
0.510163
0.140038
0.150259
0.969696
0.560684
0.114060
0.436993
0.666280
0.254773
0.031798
0.028683
0.252965
1.427226
0.223835
0.460432
0.247333
0.714254
0.482376
1.277660
0.464130
0.919825
0.548040
0.300612
1.987951
1.536978
1.391608
1.519886
0.674547
1.095158
2.337690
1.267721
0.375008
0.133908
0.099432
0.242132
1.199098
0.242506
1.699067
0.518266
0.765179
0.014293
0.603772
0.099589
1.763271
0.031978
0.762598
0.223784
0.863794
0.256534
0.166445
0.278475
0.138847
1.487703
1.055596
0.126614
1.165160
0.849318
0.096709
0.515374
0.610705
0.091085
0.415095
0.132521
0.256658
0.682017
0.479438
0.185975
0.068874
0.437624
1.560969
1.216485
0.472631
0.535009
0.048708
0.436155
0.634613
1.040693
1.430902
0.389612
0.161887
0.128083
1.725482
0.366005
0.096161
0.939285
0.678887
0.040440
0.545707
1.254375
0.638191
0.230577
0.044509
0.167728
0.460993
0.333413
0.014900
0.123557
0.797953
0.086013
0.810222
0.699596
0.036429
0.266886
0.263987
0.089019
2.716071
0.069144
0.019543
1.394040
0.554924
0.189109
0.089831
0.508990
0.897814
0.207308
0.332637
0.429889
0.269871
0.081334
0.341969
0.074282
0.366537
0.434400
0.274995
0.064964
0.034787
0.301110
0.208357
0.999336
0.471379
0.077146
0.480760
0.570837
0.406630
0.014143
0.928324
0.401722
0.085419
1.069113
0.337336
0.878485
0.109734
0.532285
0.313782
0.015762
2.604212
1.518029
0.467960
0.265200
0.053850
0.054433
0.398906
0.485998
0.575524
1.800998
0.680342
0.694959
0.276811
0.044036
0.477761
0.018116
0.128922
0.132685
0.629919
0.765945
0.151206
0.410609
0.204804
0.270650
0.291914
0.876556
0.140811
0.509849
0.328784
0.621618
0.554828
0.323532
0.544618
0.162936
1.094852
0.725425
0.240029
0.287892
0.244941
0.033576
0.264213
0.070100
0.846004
0.902736
0.121113
0.282148
1.024697
0.292061
0.545794
0.442744
0.128271
1.297029
0.079845
0.413188
0.210258
0.445595
0.246438
0.444258
0.130117
1.024062
0.178541
1.148581
0.213428
1.659506
0.097739
0.134262
0.653631
0.409141
0.559248
0.062069
0.488761
0.043704
0.142216
0.289560
1.258506
0.310580
1.023382
0.781484
1.177382
0.383036
0.237387
0.070414
0.308508
0.372816
0.591643
0.814160
0.061309
0.043249
0.249181
0.211200
1.538323
0.590063
0.139846
0.179288
0.534388
0.273695
0.384822
0.243890
1.964929
0.117894
0.349335
0.463311
0.173891
0.693772
0.022352
0.119794
0.119758
1.230012
0.001770
0.062824
0.298675
0.240236
0.143466
1.204975
1.187978
1.433820
0.625744
0.011365
0.013187
0.056247
0.228643
1.953929
0.802615
0.472069
0.165118
0.304153
0.016534
0.852060
0.921759
0.006483
0.014261
0.211174
0.479850
0.194205
0.049803
0.540453
0.382766
0.183939
0.428161
0.386580
0.277453
0.012664
1.262591
0.562444
1.368155
0.877321
0.481793
0.523644
0.946910
0.517126
0.704288
0.121996
0.489648
0.404465
0.878652
1.180479
0.005224
0.983122
0.643202
0.955725
1.031390
0.696873
0.109469
0.336567
0.038291
0.172256
0.081615
0.469059
0.457187
0.647100
0.079547
0.012713
0.694938
0.034697
0.602681
0.579316
1.122492
0.192019
0.204132
0.680459
1.653887
0.047543
1.610443
0.443156
0.518342
0.774573
0.340113
0.533215
0.521479
0.122461
0.354536
0.367495
1.738354
0.609590
0.005218
0.021878
2.756023
0.087764
0.526986
0.452174
1.089605
0.801066
0.484187
0.507728
1.003369
0.193358
0.195668
0.712818
0.510285
0.538001
0.349803
0.461926
0.692646
0.311158
0.105879
0.251363
0.144422
0.576541
0.026113
1.143651
1.159216
0.409111
0.271459
1.022668
0.152796
0.280473
1.223670
0.150063
0.446186
0.416120
0.963684
0.324265
0.225853
0.321959
0.061055
0.130055
0.793558
0.288835
2.240462
0.285550
0.051482
0.338535
0.019427
0.940588
1.552728
0.130001
0.139004
0.115378
1.222575
0.173784
0.055201
0.843319
0.956559
0.370618
0.578421
0.061476
1.526752
0.456896
0.234976
0.391672
0.089518
0.130317
0.010260
0.374736
0.609046
0.072663
0.706149
0.346265
0.426722
0.683430
1.365056
0.557211
0.135242
1.804060
0.366448
0.106712
0.112727
0.718150
0.253959
0.061159
0.028703
0.349360
1.329577
1.193909
0.013303
0.477925
0.012076
1.933083
0.120726
0.254440
0.369266
0.237761
0.494792
0.390984
1.181291
0.202089
0.566221
0.542710
0.892391
0.145049
0.261563
0.728261
1.286569
0.516869
0.673252
0.292764
0.905505
1.421063
0.114947
0.133785
0.029255
0.151345
0.668834
2.164699
0.092769
0.721534
0.461078
0.107343
0.679066
0.848734
0.448290
0.153973
0.108638
0.124427
0.823934
0.053301
0.402353
0.332081
0.720600
0.243023
0.667999
0.093581
0.082379
0.540595
0.843741
1.111670
0.054906
0.527097
0.896235
0.185082
1.087055
1.104928
0.422627
0.488862
1.048225
0.673333
0.245211
0.326432
1.352277
0.069913
0.175702
0.372365
0.251707
0.338237
0.684115
0.113498
0.449114
0.177070
0.582971
0.220079
0.574695
0.277106
0.374072
0.901121
0.045118
0.209102
0.648820
0.105534
2.502685
0.410804
0.346234
1.058421
0.299427
0.036399
0.350008
0.198501
0.830645
1.108453
0.822831
0.679741
0.010890
0.054582
0.156222
0.269854
0.451946
0.006941
0.484000
0.103954
0.186990
0.184467
0.392395
2.667365
0.662138
0.036576
0.886714
0.858202
0.265779
0.407177
0.005313
0.260110
0.062414
0.356910
0.167875
0.419561
0.434277
0.777052
1.129655
0.247598
0.569210
0.606494
0.071793
0.604026
0.820228
0.257164
0.062953
0.256345
0.268827
0.670585
0.444382
0.650779
0.024065
0.071140
0.641997
0.759328
0.113552
0.402958
0.459751
0.477871
0.058489
0.473185
0.010654
0.129221
0.065101
0.182845
0.793975
0.606212
0.049857
0.587585
0.048847
0.744892
0.250376
0.128627
0.322941
0.111593
0.495676
0.450827
0.459587
0.022922
0.202155
0.105354
0.740744
0.238657
0.194754
0.342363
0.087502
0.373033
0.025169
0.717384
0.076135
0.086872
0.233948
0.088564
0.244886
0.342356
0.316129
0.100991
0.110503
0.414498
1.036227
0.172205
0.206314
0.156021
0.365102
0.840712
0.315634
0.079565
0.262119
0.035874
0.106549
0.674608
0.150028
1.670851
0.063978
0.435938
0.308459
0.164707
0.056923
0.356153
0.021706
0.143074
0.552783
0.269069
0.264814
0.028926
1.214810
1.059240
0.136627
0.058390
0.292863
0.060082
0.256732
0.760233
0.240046
1.261427
0.452281
0.946421
0.034613
0.001640
1.254142
0.149747
0.680958
0.097896
0.126434
0.997326
0.712829
0.575730
0.078089
1.009661
0.107410
0.103560
0.061708
0.991300
0.462216
0.374626
1.253576
0.361981
0.261336
0.085751
0.490937
0.949776
0.157921
0.013671
0.499502
0.527919
1.466298
0.128761
0.348032
0.006860
0.130883
0.272405
0.159024
1.827535
0.455483
0.342453
0.910324
0.221205
0.099035
2.027748
0.127297
0.233405
0.093015
0.208419
0.134129
0.741389
1.013055
0.083494
0.169956
0.160943
0.186540
1.224141
0.067099
0.436395
1.411140
0.708041
0.133492
1.091385
2.079352
0.665469
1.155796
0.120833
0.084694
0.095174
0.104634
0.700568
0.553107
0.013635
0.058940
0.944834
0.004810
0.204711
0.125436
0.098814
0.564801
0.305478
1.521615
0.393719
0.472033
0.137538
0.857981
1.277755
0.083644
1.457464
0.351158
0.049675
0.607229
0.671383
2.004404
0.581577
0.321843
1.071688
1.162329
0.497757
0.028852
0.047708
0.242375
0.645967
0.062729
0.341941
0.426822
0.068186
0.889852
0.794861
0.183223
0.354791
0.145969
0.149963
0.027302
0.998075
0.346186
1.033163
0.772036
0.530162
0.855021
0.171987
0.689620
0.369356
0.015194
0.654806
0.117717
0.351173
0.474429
0.059367
0.072539
0.552648
0.113426
0.366146
0.250560
0.193470
0.007324
1.725525
0.297420
0.934923
0.722609
0.703567
0.218480
0.008823
0.007193
0.261401
1.066984
0.360665
0.164594
0.551496
0.091691
0.052477
1.599249
1.237167
0.486306
2.259826
0.519026
0.890938
0.340299
0.149657
1.437939
0.495414
1.312498
0.079260
0.080041
0.194089
0.315050
0.088647
0.171242
1.237343
0.004177
0.027916
0.555798
0.224960
0.037250
0.577986
0.733675
1.533349
0.111036
0.025624
0.485834
0.228400
0.081020
0.434614
0.165973
0.738105
0.421790
1.317845
0.462131
0.032813
0.103514
0.395721
0.589233
0.060837
0.591111
0.916838
0.286591
0.087692
0.001322
0.647802
0.039887
0.005510
0.758358
0.688452
0.233629
0.956491
0.283601
0.077010
0.819397
0.499881
0.107032
0.278727
3.333037
0.209499
0.004046
0.165087
0.060402
0.431247
0.117565
0.631098
0.512789
0.252534
0.153111
0.202978
0.357797
1.575382
0.095480
1.472232
0.062807
0.097081
0.559873
0.108283
0.103780
0.302756
1.426786
0.411306
0.183050
0.235204
0.607791
0.059590
0.003656
1.132478
0.387923
0.003015
0.136207
0.396755
0.169286
0.217128
0.067130
0.343329
0.035867
0.728463
1.118771
0.202482
0.053074
0.259074
0.171372
0.160477
0.216737
0.262314
0.299846
0.012856
0.461841
0.508684
0.326569
0.394067
0.111054
0.771254
1.266374
1.164641
1.143885
1.314467
0.801728
0.288299
1.357963
0.018986
2.132188
0.124916
0.246750
0.059154
0.632594
0.306923
1.054439
0.472208
0.784471
1.939640
0.007796
0.042732
0.146433
0.228815
0.336809
0.610215
0.249286
0.048853
0.210303
1.028616
0.508598
0.391015
0.536982
0.409301
0.294536
0.406930
0.333542
0.139829
2.654161
0.272927
0.165098
1.981372
0.513223
0.555441
0.048567
0.222781
0.069325
1.773558
1.763866
1.270428
1.503161
2.137909
0.001560
0.114332
0.217950
0.339874
1.200103
0.685054
0.441355
0.145612
0.481315
0.127273
0.792801
0.161801
0.765508
0.137438
0.895834
0.157685
0.331106
0.881201
0.587423
0.725168
0.828676
0.202374
0.286563
1.161004
0.589463
0.417017
1.032240
0.543865
0.333650
0.867621
0.523654
0.336695
0.014224
0.001220
2.045512
1.385075
0.689872
0.421541
0.105360
0.228224
0.790790
2.105718
0.514915
0.431416
0.127774
0.323370
0.943635
0.618590
0.181647
0.387883
0.322471
0.060505
1.029837
1.212638
0.008013
0.416085
0.324329
1.099177
0.129331
1.664349
0.623539
1.047926
0.302736
0.674891
1.057933
0.287648
0.566681
0.494200
0.003552
1.012668
2.583495
0.808304
0.959429
0.506994
0.238585
0.041003
0.060226
0.129371
0.776840
0.270727
0.729706
0.153153
0.379722
0.511009
0.096419
0.397005
0.114724
0.528693
0.287225
0.283648
0.479596
0.081049
0.185515
0.036813
1.105213
0.105020
0.355088
0.420124
0.849891
0.362340
0.286747
0.834527
0.190593
0.171015
0.297834
0.596044
0.229754
0.413094
1.291092
0.085357
1.965704
0.588858
0.273033
0.359189
0.201846
0.453369
0.031166
0.385206
0.143040
0.343995
1.755288
1.003451
0.520725
0.164320
1.378961
0.385450
0.317011
0.294410
0.055913
0.169013
1.616227
0.390713
0.051791
0.162511
0.891658
0.396155
1.822953
0.111776
0.057980
1.142832
0.221011
0.047085
0.446180
0.752629
0.461066
1.278494
0.234363
0.543478
0.307759
0.487753
0.087280
0.280849
0.335296
0.823130
0.618692
0.276841
0.211281
0.098862
1.020840
0.299313
0.313892
0.888127
2.458690
0.415772
0.057267
0.870349
0.059294
0.042845
0.012622
0.125074
1.966470
0.240789
0.186393
0.422830
0.087315
1.223904
0.339808
0.382249
0.429336
1.526974
0.085650
0.666754
0.241109
0.519265
0.392280
0.048501
0.036929
1.096030
0.158623
1.418391
0.206810
0.669849
0.739457
0.201307
0.180269
1.061522
0.084820
0.267666
1.641089
0.099811
0.505082
1.431192
0.414085
1.468995
0.360355
0.642562
0.985006
0.003402
0.149079
0.287078
1.604579
0.268283
0.095138
0.209425
0.031615
0.631064
0.285148
0.071052
0.464767
0.612923
0.038362
1.441295
0.294003
0.935306
0.161095
0.687706
0.647868
0.282352
0.088243
0.583591
0.473931
0.798830
0.499327
0.096539
0.682577
0.078455
1.146150
0.464692
0.082437
0.085265
0.021466
0.059172
0.424351
0.121223
0.302391
0.501609
1.345909
1.096635
0.725730
0.385560
0.451859
0.915128
0.328422
0.020153
0.578541
0.707255
0.772691
0.265430
0.104390
1.483668
0.053046
0.806867
0.685585
0.658914
1.874104
0.337505
1.049831
1.041348
0.050492
0.014973
0.016359
0.074294
0.076058
0.463446
0.217990
0.451834
0.135590
0.168164
0.330211
0.001649
0.866132
0.040771
0.925500
0.181657
0.062675
0.375937
0.031783
1.174740
1.410211
0.143850
0.959141
0.020973
0.026105
0.457310
0.742200
0.013845
0.047254
0.526147
1.165067
0.103040
0.570290
1.365960
0.196009
0.861524
0.387313
0.566102
0.269267
0.749495
1.652344
1.150115
0.756921
0.771839
1.909964
0.487565
0.047726
0.050398
0.082069
0.082806
0.000232
0.048142
0.257616
0.960722
0.071284
0.302119
0.301595
1.183476
0.327752
0.391663
0.407203
0.241879
0.653462
0.135553
0.191688
0.027575
0.030376
0.974443
0.657144
0.322503
0.502850
0.593106
0.235086
0.267345
0.327955
0.217840
0.018854
0.424395
0.298062
0.104362
0.644933
0.298483
0.164373
0.068099
0.180575
0.266405
0.434750
0.705419
0.192302
0.031821
0.177750
1.045264
0.294571
0.014470
0.060430
0.721200
0.042879
0.094846
0.485383
0.839709
0.522242
0.147467
0.354782
0.011753
0.553677
2.262790
0.236128
0.613065
0.411900
0.872812
1.126679
0.168388
0.160781
0.096264
0.266588
0.431506
0.443578
2.566454
0.203362
1.190028
0.028687
0.501673
0.765851
0.347531
0.542170
1.139802
0.153668
0.681402
0.036533
1.084919
0.407743
0.633968
0.076123
0.033988
0.677047
0.832452
0.028226
0.062910
0.364247
0.478723
1.438439
0.265786
1.161696
0.123382
0.442696
0.189402
0.796746
0.096563
0.185113
0.070181
0.043366
0.227208
0.722610
1.008363
1.005472
0.277721
0.723202
0.070053
0.093309
0.901045
0.008338
0.650636
0.403308
0.085846
0.788805
0.175100
1.729720
0.943325
0.266944
0.332686
0.312323
0.221092
1.142553
0.228333
0.429062
0.332459
0.572741
0.233268
0.541330
2.375121
0.350373
0.682038
0.220441
0.156050
0.472464
0.125945
0.592530
0.235704
0.218017
0.999434
0.118446
0.230972
0.448644
0.723145
0.375075
0.243765
0.030944
0.342844
0.133469
0.320933
2.013556
0.600038
0.889102
1.061847
0.033838
0.261366
0.227928
0.687908
0.756905
0.013892
0.671075
0.166839
0.738733
0.050047
0.401265
0.241506
0.191303
0.141234
0.711387
0.556338
0.058599
1.751272
0.021070
0.606872
0.662952
0.420787
0.046483
0.791030
0.033725
0.195083
0.156082
0.024280
0.011064
0.052235
1.314230
0.045686
0.352913
0.174003
0.899960
0.168597
0.193793
0.425960
0.421921
0.048857
0.552295
0.064913
0.323294
2.155172
0.229299
0.134022
0.536316
0.325448
0.114710
0.600584
0.100042
1.402077
0.156073
0.157433
0.661924
0.202746
0.449679
0.001016
0.239624
0.477325
0.053362
0.184490
0.605960
0.467643
0.461238
0.385082
1.121009
1.287026
0.058529
0.311532
0.008505
0.755069
0.440285
0.339658
0.725558
1.531836
0.651274
0.275463
0.282558
1.352773
0.065477
0.474722
1.030244
0.247860
1.073467
0.466336
0.644075
0.323444
0.468921
0.055449
0.047915
0.618515
0.266818
0.789346
0.190836
0.008063
0.200850
0.118518
1.404805
0.291058
0.561564
1.569083
0.124491
0.150682
0.298622
2.137834
0.120066
0.097907
0.263547
0.518075
0.058830
0.380097
0.149355
2.055532
1.283874
0.076217
0.445931
0.521368
0.480790
0.110721
0.698134
0.617375
1.195120
0.090768
0.349430
0.127881
0.100452
0.896878
0.286982
0.064930
0.160758
0.059083
0.040832
0.341952
0.232323
0.375486
0.328363
0.439882
0.611965
1.108828
0.130878
0.848942
0.275442
0.335230
0.806069
0.212976
0.497007
0.247679
2.589190
0.142259
0.444927
0.686874
1.569981
0.344256
1.220095
0.307689
0.642502
0.049836
0.173524
0.087214
0.122085
0.419874
0.158393
0.174825
0.032823
0.515228
0.866247
0.393720
0.129563
0.376539
0.286464
0.306776
0.212335
0.981941
1.469707
0.079236
0.115676
0.430209
0.385232
0.112136
0.870452
0.067616
1.475818
0.760150
0.489300
0.985209
0.137822
0.213483
1.555758
0.381942
0.354208
0.094439
0.053974
0.754998
0.314783
0.090679
0.274303
0.171481
0.620414
0.525654
0.855789
0.079488
0.057759
0.090422
0.003346
0.028920
0.186974
0.119897
0.501489
0.945865
0.267313
0.306108
1.858136
0.224597
0.136696
0.457944
0.125809
0.327081
1.472066
0.097962
0.007186
0.303419
0.215421
0.061986
0.133298
0.849723
0.165963
0.533939
0.056892
2.503921
0.183206
1.308438
0.075585
0.268823
0.048478
0.079479
0.319403
0.259086
0.223282
0.055629
0.146234
0.744250
0.414076
0.130200
0.073176
0.810628
0.883323
0.222055
0.165972
0.749054
0.384508
0.176015
0.131576
1.088282
0.266652
0.313112
0.608334
0.595029
0.064858
0.833890
0.584159
0.279691
0.670285
0.884242
0.929965
0.888063
1.872757
0.190187
0.134004
0.205154
0.273819
0.335379
0.058741
2.094222
0.632810
0.141838
0.773654
0.395965
0.465189
0.036099
0.195395
0.076649
0.228164
0.404675
0.014558
0.756453
0.010227
0.659282
0.322681
0.076518
0.392429
0.089945
0.422380
0.165726
2.561876
0.267778
0.059857
1.760377
0.656615
0.213798
0.183346
0.082871
0.905790
0.270488
0.073998
0.404324
0.546529
1.293444
0.053553
0.157633
2.592381
0.276734
0.265967
0.223763
1.953544
0.291007
0.075716
0.000074
0.095404
0.478623
0.076604
0.632082
0.758632
0.623071
3.969568
0.745239
0.067935
0.059656
0.683556
0.976294
0.308459
0.026772
0.005444
0.176199
0.317397
0.080317
0.953716
0.072377
0.037977
1.529969
0.259740
0.034965
0.237534
0.851059
0.279600
0.221629
0.149831
0.420658
0.221744
0.283381
0.102227
0.346828
0.081356
1.684803
0.119536
0.081147
0.674176
0.207520
0.152094
0.332270
0.110186
0.641279
0.385689
0.116981
0.009934
0.003804
0.220809
1.024789
0.076777
0.281188
0.869546
0.396501
0.344265
0.113123
0.227238
1.301979
0.411100
0.489283
0.341477
1.255061
0.029233
0.569381
0.271499
0.115938
0.518357
0.499344
0.220621
0.243647
1.775835
0.482532
1.024762
0.092624
0.209058
0.262825
0.237176
0.224227
0.269277
0.663477
0.132371
0.409076
0.090079
0.029300
0.056176
0.543167
0.150143
0.318846
0.444056
0.857206
0.050263
0.043567
0.670990
0.082691
0.720333
0.085790
0.222663
0.262641
0.778673
0.629651
0.790730
0.714870
0.204126
0.547603
1.327714
0.564902
0.038634
0.183682
0.019521
0.337424
0.021537
0.157962
0.025394
0.115979
0.198601
0.084677
1.018456
0.442392
0.493463
0.306371
0.261388
0.641721
0.389988
0.078794
1.041114
0.181787
0.180820
0.133765
0.624877
0.048681
1.506748
0.354384
0.960027
0.168485
0.095144
0.764234
1.648052
0.142268
0.047471
0.000631
0.670476
0.071205
0.158828
0.775405
0.207572
0.458082
1.438658
0.117433
0.103602
0.423142
0.550498
0.451038
0.174008
0.117256
0.673676
0.092719
0.360625
0.022258
0.258751
0.128919
0.073272
0.219154
0.664070
2.288434
0.512136
1.194669
0.741062
0.463063
0.084770
0.995424
0.464659
1.123813
2.780366
1.049105
0.573283
0.204667
0.324349
0.491734
0.393983
0.545948
0.109689
0.119568
0.149671
0.337550
0.273862
3.348759
0.539631
1.371252
0.021613
0.033148
0.088889
0.098383
0.271518
1.140910
0.092160
0.030917
0.820494
1.416599
0.545137
1.637168
0.816343
0.156707
0.970739
0.806598
0.079132
0.386943
0.073472
0.488618
0.090025
0.572679
0.169888
0.224515
1.124910
0.395671
0.957464
0.190130
0.394311
0.359542
0.145115
0.443166
0.430129
0.267883
0.727185
2.756491
0.187479
1.365017
0.028776
0.063288
1.043570
0.636129
0.042262
0.570584
2.248341
1.386767
0.328219
0.072646
0.323458
0.481119
0.711231
0.512373
0.178232
0.024044
0.001435
0.108105
0.450350
0.967284
0.357442
0.074972
0.229682
0.719130
0.649288
1.452599
0.097666
0.340147
1.417045
0.336790
0.279584
2.931002
0.469541
0.181400
0.631077
0.585695
2.094167
0.611766
0.493924
0.313804
0.919554
0.054888
0.043922
0.458047
0.683397
0.242213
0.520462
0.689050
0.431829
0.137604
0.462484
0.046680
0.238882
1.783697
0.954577
0.056534
1.244654
0.014835
0.458699
0.976883
0.366312
0.014590
0.966944
0.068694
0.202506
0.424750
0.853061
0.191260
0.162991
0.295345
0.766223
0.063475
0.399275
1.012815
0.634957
0.174847
0.145202
0.227866
0.021996
0.887219
0.466468
0.519929
1.260096
2.150086
0.481515
0.737781
0.048996
0.383180
0.806180
0.591737
0.250074
0.192785
0.641048
0.143158
0.297380
0.028590
0.861152
0.155125
0.233753
0.052418
0.623772
0.085649
0.123430
0.152455
0.012925
1.389463
0.408117
0.162559
0.181139
0.459329
0.057133
1.206837
0.142138
0.013960
1.136260
1.003864
0.801938
2.317403
0.256251
0.457481
0.576131
0.791311
1.259162
0.260963
0.022257
0.229204
0.310135
1.000812
0.503171
0.902840
1.667875
0.213271
2.485775
0.101158
0.470864
0.009381
0.064518
0.091933
0.175591
0.276665
0.732449
0.258861
0.204347
0.008237
0.282516
0.132263
1.068729
0.131035
0.125979
0.166375
0.886011
1.186511
0.040396
0.691982
0.188020
0.064573
0.062287
0.747220
2.135702
0.696303
0.472426
1.502386
0.052020
0.463588
0.071712
0.616971
0.487646
0.146964
1.047015
1.257041
0.569153
0.518818
0.195180
0.007619
0.542426
0.702932
0.142212
0.392734
2.112958
0.317698
0.877649
0.844780
0.236665
1.175674
0.415993
0.586401
0.013127
0.572762
0.313799
0.006011
0.284153
0.040274
1.640383
0.379992
0.572413
0.050470
0.137998
0.181662
0.215918
0.062778
0.126609
0.015396
0.721332
0.395808
0.023255
0.277346
0.179577
0.173360
1.750688
0.169222
0.720420
0.797246
0.054082
0.075613
0.604908
0.550312
0.888481
0.650353
0.214837
0.176182
0.672790
0.763458
0.234495
0.605351
0.189257
0.028861
0.799806
0.406309
0.223711
0.080500
0.560887
0.439049
0.098635
0.288128
0.070388
0.127108
0.996637
0.283741
0.364359
0.896667
0.636786
0.164769
0.497916
0.864928
0.273305
0.201982
0.336698
0.145136
0.030934
0.914126
0.398050
0.803729
0.486564
1.283806
0.348192
1.384079
1.940463
0.178081
0.340143
0.207829
0.297420
0.091857
1.291950
0.493599
0.465483
0.028728
0.954787
0.317042
0.335580
0.230485
0.180610
0.117263
0.525015
1.357222
0.016129
0.036911
0.154685
0.368832
0.195118
0.197324
0.223985
1.027936
0.067158
2.042505
0.793105
0.493493
1.265368
0.745091
1.308253
0.267155
0.060950
0.235235
0.435841
0.020038
0.001338
0.103869
0.049976
0.963888
0.535243
0.438540
0.126710
1.613611
0.787659
1.035459
1.122586
0.870921
1.451061
0.087284
0.212762
0.156122
0.333023
0.614900
0.075537
0.473311
0.586926
1.370664
0.136727
0.472378
0.619254
0.090878
0.012737
0.871331
0.389882
0.466853
0.998394
0.392805
0.791119
1.601365
0.254320
0.300415
0.391922
0.487151
0.265494
0.205046
0.343060
0.182690
0.087900
0.291311
0.313912
0.354422
0.618531
1.523635
0.121313
0.948492
0.415586
1.183625
0.769711
0.814091
0.364374
0.342271
1.751753
0.391142
0.193291
0.358100
0.080992
0.102194
0.028578
1.441476
0.077861
0.302787
0.251821
0.581665
0.039946
0.824220
0.012130
0.425788
0.060360
0.102395
0.007468
0.433709
0.590402
0.644747
0.380153
1.195184
0.427327
0.050982
0.842798
0.223194
1.154566
0.201848
0.968079
1.022272
1.038894
0.097016
0.240597
0.012320
0.224099
0.287689
1.726813
0.352028
1.111643
0.226313
0.107204
1.729378
0.094186
0.122279
0.390213
0.168024
0.257191
0.406658
1.002637
0.049965
0.165090
0.253627
0.001755
0.968189
0.341393
0.852339
0.121570
0.251631
0.081449
0.037137
0.154627
0.012718
0.142476
0.522006
0.025359
0.469744
0.044672
0.008992
0.060856
1.890841
0.240526
0.183780
1.457046
0.403226
0.371723
0.334262
0.913089
1.306311
0.022578
0.609287
0.010999
0.196785
0.053905
0.012792
0.099915
0.454402
0.927122
0.252894
2.442346
2.537670
0.316075
0.149502
0.009523
0.630274
1.184387
0.035383
0.197020
2.406289
0.045041
0.290150
1.738318
0.315566
0.688862
1.231586
0.010904
0.158985
0.257393
0.985001
0.110968
0.295767
0.416080
0.124738
0.738939
0.549947
0.141215
1.528905
0.153322
0.046869
0.215375
0.148211
0.043450
0.853334
0.361773
0.053847
0.382893
0.273550
0.093416
0.985581
0.266577
0.148234
0.179034
0.240906
0.644714
0.025028
0.176322
0.685492
0.193714
0.601227
0.466574
0.367227
0.078951
0.094116
0.675510
1.250186
0.912158
2.174281
1.023797
0.054216
0.039822
0.124830
0.222586
0.087049
0.020132
1.036754
0.151826
0.427241
0.175227
0.283081
0.285643
0.617009
0.583757
0.666238
0.047824
0.266734
0.768559
0.245829
0.086924
0.056136
0.046021
0.726777
0.492328
0.133286
1.389023
0.229003
0.082405
0.749199
0.218889
0.011583
1.057106
0.282012
0.139747
0.136270
0.446861
0.166548
0.059850
0.957818
0.975246
0.262500
0.167772
0.173361
0.062399
1.823141
0.014804
0.116938
0.244976
0.841475
0.454321
0.395844
1.265209
0.577372
0.187843
0.395718
1.255797
0.144523
1.228235
0.036719
0.013960
0.156530
0.049196
1.186536
0.601785
0.205898
0.078540
0.171773
0.484898
0.149323
0.077451
0.325653
0.549240
0.279791
0.738402
0.766115
0.257470
0.806744
2.445579
0.779868
0.477234
0.445088
0.205286
0.383243
0.160294
0.524784
0.042868
0.107302
1.155981
2.817183
0.153226
1.318802
0.154093
0.221312
0.901735
1.677630
0.594037
1.972206
0.147755
0.189922
0.136439
0.254871
0.791563
1.179247
0.879842
0.417703
0.584600
0.130919
0.228729
0.572650
0.010190
2.011275
0.158238
0.220729
0.364336
0.394351
0.003418
0.457664
0.671053
1.191606
0.453221
0.001327
0.904597
0.987585
0.223380
0.556590
0.875391
0.028547
0.527956
0.042894
0.232231
1.107928
0.328465
0.090878
0.795744
0.185141
0.659310
0.332534
0.388074
0.052461
0.091741
0.410488
0.042615
0.288947
1.243856
0.457082
2.083057
1.286627
0.110799
0.642217
0.890289
0.791895
0.647029
0.550818
0.533653
0.045043
0.207123
0.329304
0.076367
2.371411
0.415789
0.359919
1.069494
0.023649
0.568723
0.567540
0.219763
0.265394
0.089782
1.129201
0.358172
0.201733
0.303926
0.449671
0.736842
0.232911
0.106789
0.704081
0.175555
0.248029
0.325620
0.068227
0.102822
0.114357
0.792926
0.922403
0.171662
0.072159
0.196057
0.283022
0.067151
1.099162
1.453874
0.003965
1.368292
0.490101
0.579983
0.171856
0.018655
0.951463
0.103112
0.397134
0.100977
0.513373
0.076139
1.537249
0.007156
0.202904
0.617551
0.185752
0.644830
0.104002
0.288000
1.206832
0.248988
0.132689
0.698086
0.574161
0.229015
0.039971
0.061120
0.339766
1.688360
0.031186
0.347620
1.156567
0.577957
0.103849
0.106545
0.639805
0.019587
0.237621
0.157316
0.125054
0.010150
0.264828
0.096229
0.017454
0.682764
1.078229
0.211262
0.316864
0.037395
0.762704
0.238939
0.312092
0.007837
0.070989
0.079576
0.241463
0.117349
0.152040
1.044422
0.096204
0.194794
0.236777
0.039565
0.003963
0.415933
0.155985
0.654202
0.462136
0.519598
4.040705
0.869955
0.548840
0.264566
3.836097
0.603090
0.084587
1.076222
0.023164
0.490451
1.560212
0.879371
0.002471
0.272504
0.926681
0.073838
0.418852
0.128295
0.212691
0.884495
0.054062
0.368560
0.082531
0.326674
0.455142
0.087209
0.022741
1.003415
1.102741
0.521555
0.358563
1.101340
0.319430
0.098131
0.178607
0.318989
1.055421
0.304416
0.219594
1.289400
0.042257
0.186477
0.696909
0.044947
0.657388
0.452137
0.126326
0.177454
0.861524
0.421684
0.068631
1.288267
0.047843
0.164541
0.258474
0.583727
0.290330
0.297217
0.404198
0.200443
0.050335
0.034286
0.124081
0.419519
0.140173
0.367134
0.020158
0.065819
1.868142
0.251227
0.024320
0.029450
0.612527
0.803097
0.077258
0.287881
0.250862
0.228194
0.666826
0.121669
1.375788
1.000294
0.075386
0.013904
0.078421
0.392213
0.629859
0.440500
2.398358
0.157831
1.237902
0.045790
0.205466
0.072901
0.532664
0.435474
0.533287
0.593558
0.610029
0.499798
0.047076
0.697695
0.584256
0.795098
0.401050
0.892911
0.133181
1.460572
0.110805
1.758724
0.088441
0.072481
0.901115
0.179823
0.088589
1.961797
0.934412
1.054480
0.417196
0.908349
0.080865
0.328664
1.294795
0.333056
0.480431
0.434148
0.035074
0.159587
0.160953
0.740370
1.178115
0.227136
0.372004
0.451186
0.087894
0.039743
0.278203
0.251299
0.011397
0.491091
0.227355
0.102073
0.714502
0.111845
0.333481
1.280822
0.099632
0.202055
0.808377
0.686252
0.093085
1.505804
0.129576
0.049809
0.287314
0.934531
0.562197
0.351426
0.063339
1.501734
0.162422
0.012252
0.189515
0.810134
0.481953
0.323781
1.054178
0.023197
1.026781
1.156817
0.555608
0.135308
0.044829
0.282196
0.287707
0.424889
0.218568
0.481422
1.176514
0.084549
0.226847
0.038865
0.056227
0.449493
0.092926
0.392025
0.288794
0.931373
0.024740
0.407920
0.792713
0.196993
0.436064
0.058613
0.068363
0.111909
0.442511
0.003187
0.141097
0.307185
1.190014
1.242741
0.595542
2.496001
0.213862
0.071725
0.417008
0.605540
0.696822
0.318022
0.974905
0.061962
0.394173
1.662958
0.618198
0.627646
0.354138
0.080273
0.410219
0.405721
0.612178
0.219176
1.066081
0.169833
0.313227
0.004626
0.335234
0.027128
0.007843
0.662889
0.358545
1.282071
0.526512
0.116558
1.239797
3.521879
0.208951
0.328814
0.604077
0.049029
1.523914
0.409299
0.117835
0.344520
0.370131
1.259930
0.119731
0.015497
0.035131
0.740765
0.441309
0.743396
0.068260
0.315294
0.031947
0.449627
0.324021
0.399727
0.519141
0.339123
0.167617
0.085849
0.268507
1.374034
0.227620
0.201533
1.367267
0.614266
0.840071
0.505751
0.806428
0.726625
0.108629
0.005349
0.153353
0.633438
1.330841
0.324165
0.690769
3.112128
0.143703
0.204067
0.739035
0.236928
0.811847
0.897335
1.762201
0.164087
0.242452
0.479167
0.739767
0.552930
0.744131
0.103983
0.464463
0.075376
0.366461
0.388371
0.939370
0.202595
0.097051
0.521920
0.052314
0.232372
0.537263
0.225864
0.047152
0.444228
0.918027
0.912558
0.441825
0.047346
0.095526
0.222091
0.315322
1.880556
0.106887
0.288377
0.148196
0.429851
0.028153
0.014591
0.141039
0.883002
0.122009
0.951260
1.735669
0.665946
0.247891
0.846796
0.035841
0.418891
0.311850
0.092269
1.398726
0.065386
0.379628
0.014729
0.621169
0.233038
1.011830
0.176925
0.310773
0.021318
0.534534
1.334205
0.009328
0.945701
0.230160
0.160783
0.277434
0.275536
0.181021
0.556819
0.145613
0.367269
0.369539
0.125243
0.148056
1.222948
0.019225
0.196868
0.327620
0.348339
0.340590
0.272120
0.489541
0.013155
0.297779
0.204463
0.254169
0.190319
0.502092
0.988056
0.221829
0.171476
0.785182
0.236441
0.075102
0.087742
0.527466
0.416573
0.439278
1.556482
0.135221
0.907836
0.322945
0.712318
0.030326
0.658572
0.558524
0.050778
0.029646
0.083286
0.456065
0.400979
0.425668
0.125950
0.430802
0.011072
0.408577
1.865310
0.206604
0.106578
0.908277
0.596665
0.329177
0.496377
0.038217
0.486121
0.781265
0.646166
0.103565
0.235012
0.571127
0.275862
0.119309
0.085220
0.101332
0.158133
1.098241
0.969678
0.229199
1.462875
0.004844
1.691232
0.344503
0.437091
0.104567
0.039220
0.464053
0.687235
0.026418
1.433876
1.398407
1.098566
0.510775
0.273480
0.365242
0.625096
0.022007
0.184604
0.288946
0.130776
0.575582
0.063815
0.530931
1.131760
0.161846
0.908959
0.091451
0.090362
0.591824
0.382702
0.059228
0.607823
0.347465
0.470336
0.168632
0.584953
0.577713
1.108099
0.286909
0.666927
0.898338
0.235503
0.490974
0.321335
0.797076
0.077592
0.103921
0.916224
0.301162
0.492532
0.036352
0.073203
0.686011
0.644243
0.016370
0.011600
0.412710
0.111172
0.104292
0.147716
0.662533
0.178321
1.600409
0.134009
1.201821
0.140883
1.293198
0.451550
0.073397
0.224191
0.201157
1.764708
0.667734
1.569198
0.294206
0.381661
0.052897
0.500456
0.234093
0.402434
0.149905
0.293482
0.584057
0.002731
0.092141
0.638733
0.014395
0.655127
1.266739
0.122086
2.135692
0.531862
0.363481
1.453025
1.103353
0.277769
0.105891
0.842746
0.010574
0.198292
0.096784
0.217051
0.176957
1.220642
0.184664
0.679060
0.296050
0.263132
0.235252
0.859345
1.635683
0.503043
0.153729
0.526474
0.510547
0.283685
0.232886
0.551581
0.089105
0.173339
1.080662
0.080831
1.476328
0.256624
0.049678
0.909267
0.879226
0.168043
0.528327
0.943960
0.474439
0.881204
0.112052
1.208935
0.676082
0.356235
0.530290
0.104223
1.255182
0.014744
0.004447
1.063505
0.544444
0.159786
0.379536
0.180635
0.612983
1.173001
1.776966
1.019186
0.109835
0.969720
0.009607
0.078336
0.148979
0.060299
2.030012
0.044610
0.254621
0.504113
1.358824
0.005972
0.311348
0.072361
1.280433
0.114596
0.516843
0.429609
0.249596
0.413989
0.465149
0.256944
0.293381
0.156653
0.562543
1.860165
0.424529
0.240554
1.060227
0.392160
0.144950
0.040192
0.255234
0.157829
0.125677
0.535673
0.242499
0.114710
0.678969
0.764737
0.916726
0.564710
0.792919
0.180946
0.834374
0.632900
0.355113
0.304241
0.174420
1.158577
0.009536
1.151579
0.180686
0.310661
0.092581
1.923493
0.288608
0.675874
0.223579
0.191776
0.167584
0.473656
0.251926
0.576906
1.072405
0.481239
0.209291
0.155449
0.865971
0.044323
0.025943
0.544131
0.716924
0.934707
1.703234
0.425634
0.414795
0.322473
0.014689
0.976900
0.236408
0.024512
0.710076
0.569773
0.357297
1.311074
0.537485
1.489432
0.552163
0.009718
0.155791
1.532523
0.499113
0.544600
0.507940
0.361161
0.165343
1.954441
0.760687
0.055259
0.033480
0.892344
0.730138
0.875436
0.566504
0.663390
0.255000
0.138344
0.117848
0.279706
0.052666
0.441831
0.323416
0.977013
0.155147
2.167823
0.770075
1.298217
1.374874
0.302767
1.447584
0.113933
0.261757
0.429220
1.009769
0.023274
0.047460
0.080585
0.012873
1.028422
0.146168
0.047257
0.609194
0.010770
1.241832
0.240820
0.705252
0.189948
0.489003
1.690083
0.682311
0.643522
0.402254
0.124757
0.436390
0.855904
0.116425
0.229324
0.683093
0.077616
0.863208
0.584999
0.213512
0.130451
0.154494
0.120931
0.160878
0.220312
0.226033
0.178726
0.129715
0.480081
0.247746
1.350055
0.508717
0.183574
0.189192
0.250816
0.488232
1.398210
0.223469
0.229340
0.543667
1.221547
0.444220
0.140583
0.659448
0.795873
0.474613
0.324557
1.408485
0.285499
0.091435
0.169674
0.546339
0.283640
0.349180
1.405110
0.778658
1.006031
0.137450
0.008984
0.330298
0.498589
1.503995
0.065018
1.393330
0.154379
0.363242
0.412464
0.114463
1.047016
1.326892
1.010583
0.780131
0.365236
0.059728
0.369583
0.188985
0.646505
5.411903
0.147160
0.087531
0.091423
0.391237
0.872280
0.458194
0.023193
0.724269
0.246606
1.213021
0.002727
0.261403
0.251322
0.506015
0.221392
0.363875
0.427707
0.488280
0.016985
0.073453
0.880157
1.205142
0.034269
0.594556
0.602202
0.439209
0.825403
0.125911
1.147849
0.381421
0.125899
0.083778
0.592504
0.246904
0.597007
0.366500
2.289777
0.678027
0.167471
0.238275
0.530569
0.171287
0.771412
0.025125
1.305771
0.077729
0.417373
0.348047
0.729160
0.457414
0.508189
0.452406
0.356292
0.609269
0.171873
0.117706
0.170470
0.052122
0.283144
0.104255
0.500729
0.532061
0.209638
0.197940
0.022850
0.020138
0.936856
0.017509
0.761171
0.070245
0.266783
0.286119
0.273337
0.111393
0.331549
0.213630
0.210562
0.026048
0.945827
0.058865
0.525164
0.334007
0.612848
0.087059
0.106357
2.964168
0.230665
0.327455
0.050647
0.809561
0.552392
0.652798
0.305228
0.005629
0.028762
0.348144
0.026000
1.163177
0.383913
0.893300
0.016994
1.492591
0.156130
0.303068
0.080779
0.699096
0.810380
0.339498
0.814104
0.526957
0.463093
0.302473
0.074658
0.185811
0.475567
0.200475
0.183884
2.044784
0.832548
0.258803
0.768980
0.326526
0.071383
0.138587
0.337399
0.104710
0.680598
0.389802
0.047867
0.163992
0.234109
0.066601
0.130095
0.513740
0.432865
0.237631
0.251304
0.240235
1.024562
0.110803
0.016746
0.322265
0.528731
0.094154
0.769666
0.154870
0.348535
0.048915
0.143585
0.187554
0.343833
0.017708
0.785903
0.497525
0.162086
0.166389
0.855292
0.010367
0.870010
1.206945
0.178441
0.110552
0.017940
0.376704
0.917726
0.476608
1.190377
0.134272
2.761739
0.754054
0.284825
0.014686
0.146355
0.045477
0.111938
0.020014
0.217938
0.606242
0.071032
0.461805
0.007723
0.496703
0.507660
0.824239
0.150540
1.230132
0.047556
0.041268
1.367512
1.233798
2.290480
0.134105
0.060281
0.012659
0.723009
1.539953
0.510132
0.557391
0.105079
0.504625
0.299541
0.488844
0.545996
0.609453
0.620251
1.001382
0.680673
0.033103
0.419180
1.044219
0.549776
0.437225
0.352414
0.181701
0.247613
0.725765
0.123770
0.328210
0.932196
0.083848
0.252510
0.900192
0.246854
0.356761
0.982214
0.083698
0.311923
0.345838
0.874777
0.530174
0.072381
0.162058
0.162509
0.802785
1.989076
2.221797
0.545714
0.645427
0.026863
0.131881
0.459502
0.635215
0.843033
0.056523
0.012137
0.114907
1.030520
0.139370
0.580160
0.632371
0.253459
0.043390
0.401986
0.773920
0.449723
0.265698
1.418751
0.029517
1.212266
0.729597
0.620649
0.023678
0.022713
2.231683
0.933707
0.013013
1.880142
0.356410
0.694456
0.014731
0.676594
0.216730
0.689800
0.406346
0.306824
0.739870
0.717022
0.201215
0.007844
0.297349
0.025118
0.266551
0.378995
0.459957
0.111891
0.066536
0.006879
0.076540
0.100399
1.296095
1.201287
1.117061
1.777112
1.538742
1.065959
0.848789
1.946462
0.976363
0.197718
0.655163
1.090827
0.035318
0.042782
0.504568
0.489797
0.388953
0.261929
0.244038
1.027627
0.275247
0.899285
1.268737
0.905633
0.227740
0.369471
0.018884
0.337118
0.383983
0.098617
0.557946
0.309195
0.046341
0.416539
0.283332
0.021685
0.295911
0.143480
0.011152
0.181774
0.429096
0.697818
0.106560
0.516793
0.898880
0.878408
0.156539
0.234973
0.134054
0.532106
0.141781
0.537220
0.336148
0.091864
0.341662
0.966623
0.585944
0.379779
0.212153
0.128262
0.620888
0.009160
0.581498
0.803836
0.437868
0.063938
0.922861
0.015295
0.230617
0.998086
0.203925
1.455399
0.479169
0.374183
0.445603
0.299647
0.218685
0.978244
0.873673
0.445120
0.360410
0.037722
0.142479
0.001558
0.137551
0.679374
0.977495
1.334830
0.160892
0.114210
0.085387
2.144235
0.125748
0.930360
0.770704
0.819454
1.668774
0.494444
0.903743
0.203211
0.338790
0.093680
0.163932
0.057495
0.598194
1.017724
0.409838
0.026692
0.651021
0.243221
0.512810
0.138319
0.306114
1.100827
0.140375
0.599266
0.500377
0.054471
0.495895
1.190503
0.183671
0.771066
1.121293
0.377288
0.497822
0.569307
0.204434
0.451923
0.183902
0.094089
1.322271
0.804474
0.209569
0.116913
1.195856
0.020464
0.040539
0.315512
0.048303
0.819699
0.959148
0.661213
0.024371
0.186258
0.487612
0.172907
0.004704
0.147380
0.251737
0.508681
0.088865
0.607012
0.276282
0.029158
0.132498
0.028308
0.666634
0.420115
0.524959
0.022568
0.673384
0.432556
0.929059
0.042947
0.774398
0.698296
0.065288
1.002633
0.124560
0.120715
0.556273
0.038256
1.478333
0.634438
0.242789
0.423032
0.005636
0.250457
0.874894
0.261097
0.016507
2.255891
0.058145
0.305326
0.023373
0.209711
0.358767
0.761757
1.209345
0.088416
0.874889
0.526173
0.675608
0.554667
0.660609
0.375993
0.274768
0.967585
0.250394
0.515426
0.036337
0.033725
0.631074
0.009135
0.766419
0.053577
0.444586
0.793074
0.342229
0.268237
0.112867
0.375506
0.258937
0.186876
2.103704
0.298813
0.531273
0.343743
0.131943
0.416650
0.538289
0.029942
0.121845
0.255675
0.651617
1.492491
1.321735
0.081925
0.817531
0.194918
0.790980
1.040346
0.245559
0.358088
1.118682
0.094453
0.474660
0.329146
1.712073
0.057499
1.138742
0.092859
0.506323
0.179534
0.328258
0.486244
0.696271
0.072958
0.063360
2.052076
0.603919
0.753125
0.021257
1.247034
0.098357
0.734775
1.008276
0.056842
1.269800
0.557289
0.281317
0.628565
0.396045
0.852840
0.128682
0.290233
2.327540
0.916007
1.279563
1.583970
1.483486
0.857638
0.068140
0.440081
0.064917
0.469200
0.116056
1.033028
0.682300
0.197384
0.971796
0.295001
0.055144
1.143524
0.225572
0.166338
0.551920
0.130674
0.247524
0.445198
1.161053
0.859493
0.181949
0.298042
0.509582
0.379591
1.100911
0.496573
0.232496
0.835726
0.442759
0.193126
0.499989
0.627461
1.180563
0.700949
0.195522
0.059859
0.493338
0.035300
0.289010
0.330822
0.360609
0.391991
0.240983
1.047547
0.875540
0.026087
0.056544
0.122230
0.511303
0.004451
0.019175
1.453691
0.306150
0.564630
0.324405
0.213315
0.182871
0.945876
0.086773
1.121299
0.092920
0.783750
0.469166
0.039132
0.394064
1.346844
0.104195
0.094668
0.000268
0.493225
0.534267
0.361160
0.093477
0.019849
0.248229
2.893218
0.047022
0.344822
0.120274
0.654854
0.353731
0.144794
0.562708
1.676261
1.316628
0.082918
0.187201
0.133596
0.001005
0.318971
0.068650
0.094131
0.152621
0.667822
0.141767
0.826068
0.553393
0.285457
1.977750
0.554203
0.032053
0.507144
0.101849
0.132381
0.563907
0.428549
0.130385
0.726253
0.038361
0.292905
0.342706
0.434895
0.593351
0.094130
0.394790
0.487662
0.196088
0.976895
0.973867
0.197576
0.200153
2.123561
0.344601
0.449398
0.641338
0.683061
0.256498
0.248861
0.099163
0.240756
0.032004
0.138530
0.009842
0.141376
0.321800
0.594954
0.862709
0.608942
0.309732
1.130505
0.079785
1.583680
0.323815
0.923416
0.069335
0.011471
0.312925
0.302477
1.064081
0.194744
0.757797
0.118386
0.184295
0.163105
0.814235
0.015744
0.011763
0.114751
0.275029
0.113544
0.442423
0.331877
0.294520
0.466609
0.657226
1.261256
0.180101
0.402911
0.488932
0.722454
0.298041
0.737840
0.640278
1.300158
0.475494
0.953931
1.482406
0.041058
0.182284
0.884140
0.256607
0.044867
0.020517
0.618459
0.226413
0.928865
0.674923
0.245041
0.025144
0.089446
0.446498
0.505668
0.523326
0.018183
0.139183
0.239233
1.555631
0.394218
1.355625
0.432968
0.185298
0.241103
0.215945
0.016156
0.184324
1.667137
1.074492
0.148368
0.022077
0.104682
0.045036
0.294056
0.160603
0.067531
0.083823
0.509296
1.758497
1.127215
0.013337
0.009773
0.030337
0.479721
0.533009
0.615087
0.528649
1.144361
0.046071
0.468326
0.293538
0.010904
0.103761
0.700656
0.258885
0.386228
0.769772
0.623236
0.349062
0.552696
1.740818
0.394472
0.975328
0.028485
2.317842
0.071096
0.100272
0.078121
0.737983
0.082453
0.020262
0.799157
0.093998
0.051894
0.267778
0.877249
0.820831
0.034816
0.646602
1.123891
0.562465
0.092959
1.238100
0.992898
1.284485
0.192897
0.256123
0.617056
0.016557
1.168244
0.237267
0.000908
0.298019
0.134361
0.029447
0.289293
0.229583
0.136500
0.438484
0.075197
0.247915
0.488646
1.385451
0.413130
0.640526
0.216972
0.246593
0.376021
0.271772
0.061046
0.274925
0.049711
0.167451
0.206926
1.577569
0.116583
0.537924
0.221754
1.243759
0.588120
0.151602
0.174573
0.591071
0.619906
0.377888
0.694291
0.081184
1.144063
2.277195
0.661808
0.019462
0.239351
0.221194
1.855967
1.429992
0.041558
0.198466
0.201773
0.468696
0.687054
0.296186
0.015909
0.921232
0.657597
0.231191
0.802078
1.403010
0.014822
0.085489
0.970497
0.637865
0.271254
0.081935
0.267347
0.069214
0.572070
0.089996
0.163659
0.433805
0.083738
0.006529
0.481457
0.382446
0.231394
0.450444
0.324418
0.299127
1.271767
0.828787
0.030184
0.551832
0.148116
0.047099
0.356593
2.209876
0.308200
0.184707
1.312206
0.336011
0.313699
0.766138
0.117923
1.080248
1.367492
0.489416
0.007052
0.479348
0.777886
0.173469
0.109485
1.433900
0.182731
0.843362
0.324845
0.564430
0.262687
1.552084
0.067811
0.200297
0.723102
0.102535
3.226569
0.010572
0.161004
0.354988
0.004463
0.664813
0.849694
1.377595
0.127284
0.166497
0.637125
0.285330
0.091936
0.532779
0.030458
0.100424
0.158777
0.942173
0.322286
0.316238
0.783304
0.759885
0.166759
0.156698
0.306094
0.589261
0.126916
0.439334
0.011299
2.242168
0.734998
0.010494
0.004843
0.023222
0.376569
0.009349
0.758898
0.212567
1.549733
0.002785
0.496509
0.562406
0.290268
0.798508
0.200799
0.346074
1.942759
0.461686
0.213527
0.303096
0.037118
0.074726
0.134472
0.219368
0.262006
0.591514
0.024288
0.499888
0.163083
0.036156
0.484784
0.024799
0.047446
0.497656
0.049231
0.483322
0.523364
1.038023
1.690119
0.462971
1.060671
0.452556
0.163647
0.193222
0.249616
0.470649
0.857486
0.232979
0.119574
0.091723
0.877356
0.167212
0.182946
0.032459
0.509991
0.626375
0.706333
0.580479
0.212569
0.017721
0.706472
1.706741
0.043438
0.938997
0.454987
0.097386
0.314379
0.141434
0.026465
0.283439
0.949303
1.341793
0.014308
0.069258
0.145319
0.273411
0.672059
0.037494
0.789166
1.517572
0.137118
0.484745
0.134713
0.395127
0.575343
1.042051
0.150926
0.289987
0.413220
0.466811
0.322091
0.192074
0.426595
0.408354
0.090805
0.094016
0.664191
0.500950
0.270464
0.772405
0.033886
0.155998
0.633509
0.049212
0.253223
1.762419
0.361752
0.073437
0.021865
0.184541
0.046348
0.166086
1.325046
0.196308
0.882772
0.474582
0.111755
0.046858
0.027240
0.719190
0.595910
0.375314
0.042593
0.157546
0.044988
0.142331
0.291421
0.860579
1.062430
0.981213
0.467977
1.460091
0.068195
0.197350
0.020313
0.372078
0.175959
0.404574
0.541560
0.207341
0.995329
0.693131
0.486544
0.786914
0.038821
0.299822
0.260173
0.160789
0.388756
0.306898
0.019207
0.135107
2.157683
0.063543
0.353686
0.037731
0.228701
1.485545
1.121338
0.142260
0.825744
0.348191
0.107650
1.372362
0.879355
0.132968
0.308648
0.066420
0.776235
0.065089
0.311666
0.527303
1.028071
0.044925
0.293871
1.466445
0.384932
0.948911
0.125356
0.040266
0.184673
0.150173
0.188555
0.175099
0.238036
0.860803
0.229541
0.684925
0.734781
0.151880
2.516362
0.431623
0.721067
0.103622
0.360715
0.447400
0.272960
1.835373
0.628872
0.117208
0.050797
0.098951
0.985337
1.731392
0.154270
0.181963
1.234997
0.810767
0.084305
0.073768
1.059215
0.311788
0.252593
0.107798
0.712366
0.746690
0.007638
0.068233
0.368281
0.768870
0.246760
0.361517
0.225762
0.083089
0.605165
1.048952
0.682098
0.065392
0.954695
0.308203
0.201404
1.482440
0.510366
0.106718
1.245006
1.177730
0.343835
0.893403
0.614739
0.528375
1.747874
0.442559
0.061871
0.228075
0.759967
1.043007
0.076383
0.795882
0.001694
0.543705
0.435620
0.249538
0.097785
1.449404
0.394843
1.058197
0.863542
0.171546
0.001065
0.560470
0.694240
0.202998
0.487040
0.247325
0.373152
0.387777
0.175038
0.011705
0.232653
0.001462
0.562819
0.209071
0.446109
0.784979
0.615521
0.232232
0.550956
0.947496
0.091938
0.556073
0.359327
0.692207
0.033100
0.585956
0.592805
0.470894
0.421707
0.363495
1.153782
0.424186
0.105771
0.526403
1.179977
0.838660
0.021067
0.282342
0.217455
0.205206
0.303116
0.645009
0.207411
0.069718
0.034389
1.328183
1.276153
0.744667
0.179285
0.445632
0.489293
0.316766
0.151236
0.073526
0.123472
0.196571
0.877163
1.222399
1.367739
0.252701
0.280967
0.902829
1.730876
0.484529
0.333424
1.036534
0.284303
0.375318
0.182397
0.771739
0.999602
0.714097
0.357796
0.114141
1.105507
0.430857
0.071876
0.837011
0.216963
0.285661
0.257393
1.868992
1.174359
0.544404
0.059926
0.065809
2.230523
1.406075
0.018633
1.285800
0.205235
0.314125
0.711937
0.182128
0.045529
0.141113
0.098913
0.367736
0.743236
0.331938
0.183423
0.508591
0.140788
0.852372
0.924125
0.072985
0.251879
1.872925
1.481393
0.688735
0.265180
0.215928
0.643645
0.189983
0.007090
0.906788
0.289409
0.001266
0.749965
0.323151
1.302628
0.060246
1.427941
0.578125
0.271332
0.014987
1.338514
0.456012
0.399533
0.610497
0.043562
0.973627
0.210379
0.199377
0.562759
0.102860
0.312427
0.036963
0.088561
0.266353
0.854751
0.426575
0.721290
0.391564
1.103839
0.752003
0.238983
0.199854
0.757725
0.085282
0.818670
0.612780
0.157579
0.689160
0.248579
0.584188
0.751478
0.195024
0.169430
0.198584
0.014220
0.231697
0.102353
0.232202
0.601485
0.985310
0.407577
0.089778
1.343312
0.636039
0.430599
0.695018
0.173844
0.208537
0.174041
0.101502
0.063229
0.560300
0.359960
1.146713
0.888119
0.191885
0.465051
0.053265
0.034520
2.944335
0.780755
0.929716
0.192982
0.040388
0.094382
0.214042
0.297516
0.220908
0.636008
0.080175
0.122798
0.162285
0.187356
0.081054
2.890398
1.102992
1.154222
0.171664
0.131257
0.108173
0.321531
0.215141
1.014220
2.192145
0.143011
0.600631
0.182815
0.962900
0.805315
0.233365
0.953485
0.446311
0.122432
0.094175
0.551338
0.246499
0.366900
0.061917
0.685879
0.136990
0.153689
1.663517
0.363678
0.430357
0.060379
0.360494
0.314615
0.007220
0.815646
0.598471
0.117152
0.163311
0.024363
0.040247
0.154740
0.175710
0.749227
0.424797
0.081585
0.429911
1.453515
0.001012
0.091470
0.088698
0.095397
0.901515
0.401212
0.591459
1.514898
0.176981
1.353544
0.121866
0.152041
0.298995
0.788587
0.235763
1.659529
0.150850
0.247383
0.730803
1.588905
0.457103
0.023954
0.002949
0.564284
0.187675
0.179906
0.301679
1.082988
0.301420
0.015122
0.888113
0.303271
0.109684
2.501032
0.495056
0.016352
0.393767
0.194364
2.062892
0.926180
0.147421
0.111666
0.055652
0.611127
2.525168
0.328198
0.553193
0.146537
1.026181
0.287579
0.119354
0.318132
0.330983
0.123102
0.079637
0.797556
0.367431
0.458478
0.573601
1.809182
0.497204
0.359951
0.279256
0.877322
0.353092
0.029029
0.980228
0.026443
0.237799
0.925930
1.125209
0.502339
0.022084
5.344872
0.207206
0.018746
0.328176
0.004278
0.171831
0.217572
0.295209
0.349771
0.867395
1.330112
0.639032
1.766803
0.649474
0.138439
0.423227
0.263526
0.121053
0.112275
1.281053
0.514964
0.014280
0.280476
0.600942
1.091787
0.327777
0.040529
0.655439
0.235394
0.621871
0.742776
0.235376
0.026157
0.831476
0.971504
0.030666
0.053377
0.117580
0.351995
0.463727
0.016840
0.285872
0.197162
0.001964
0.088751
0.419338
0.427817
0.424665
0.763338
0.748303
0.341753
0.277311
0.815502
1.291750
0.066813
0.588225
0.259880
0.113414
0.274130
0.758946
1.230434
0.108872
0.084976
1.684961
0.003054
0.006554
0.012708
0.056776
0.125886
0.378031
0.622021
0.147654
1.689931
0.019187
0.150293
0.068821
0.464897
0.899703
0.603468
0.245600
0.471720
0.109105
0.840518
0.268055
0.064221
1.397638
0.056366
0.373138
0.076485
0.376083
0.183145
0.029071
0.644263
0.310871
0.011169
0.655432
0.323145
0.024168
0.909327
0.599645
0.430991
0.398742
1.542709
0.392218
0.442380
0.120339
0.557695
0.106938
0.024862
0.233484
0.434537
0.538262
0.420991
0.250833
0.038550
0.585074
0.202769
0.099721
0.121386
0.322394
0.618021
0.369331
0.379333
0.284396
2.107909
0.403495
0.089686
0.309255
0.459382
0.000981
0.087085
0.098411
0.400923
0.060595
0.640583
0.074648
0.198779
0.250850
0.201164
0.236242
0.729646
1.214636
0.018213
0.205297
0.182914
0.058252
0.013389
0.510492
0.171800
0.138517
0.061076
0.000127
0.722427
0.520212
0.284621
0.692067
0.111882
0.455963
0.118313
0.808443
0.458409
0.231461
1.959716
0.082267
0.331497
0.606061
0.171525
0.837613
0.050980
0.485949
0.104918
0.999514
0.381286
0.127481
0.112370
0.916020
0.204005
0.129190
0.326649
0.491502
0.317128
0.451514
0.491843
0.133215
0.138111
0.030999
2.047639
0.291565
0.537008
0.107874
0.139417
0.149592
0.415769
0.126468
0.264060
0.025286
1.301287
0.603129
0.990428
0.011558
0.194540
0.026348
1.091887
0.968469
0.161748
0.046420
0.594984
0.472620
0.190161
0.096454
0.135398
0.770957
0.735060
0.994977
0.010060
0.005761
1.284671
0.001636
0.301935
0.435874
0.109905
0.596422
0.917409
0.717637
1.263650
0.144271
0.833705
0.935540
1.511347
0.559377
1.015875
0.159862
0.644847
0.705864
0.069347
0.000516
0.931967
0.872271
0.473948
0.087950
0.000359
0.947471
1.471819
0.736622
0.624087
1.709345
0.762264
0.505830
1.761886
0.134321
0.123056
0.091866
1.345793
0.030153
1.328141
0.956463
0.184930
0.675572
0.599318
0.150890
0.267533
0.418843
0.381945
0.074839
0.195461
0.544809
0.075438
0.092266
0.335625
0.698152
0.200092
0.336327
0.460857
0.162263
0.150868
0.189266
0.140105
0.021842
1.513301
0.120963
0.163091
0.092975
0.241222
0.118211
0.129521
0.187360
0.032486
0.385422
0.027532
0.716275
0.799438
0.315503
0.199187
0.201753
0.466920
0.528001
2.722351
0.687191
0.859243
0.331417
0.346068
0.081534
1.829830
0.053602
0.278955
0.133760
0.269606
0.557325
0.162497
0.229680
1.089548
0.405735
0.386092
0.157070
0.726962
0.726658
0.436260
0.883789
0.180904
0.504858
0.446475
0.053492
0.054696
1.257540
0.284127
0.619939
0.423499
0.280329
0.305862
0.248759
1.225415
1.574202
0.390911
1.094792
0.030266
1.753680
0.065489
0.322682
0.513603
0.255605
0.928438
0.376290
1.562078
0.240502
0.800820
0.640741
0.080110
0.239451
0.401066
0.300401
0.008174
0.076682
0.402698
0.063824
0.031643
2.155309
0.887208
0.500687
0.268706
0.169840
0.012448
0.199880
0.140573
0.418528
0.122667
0.181073
0.385058
0.207999
0.755583
0.098637
0.674595
0.488004
0.615305
0.596311
0.002519
0.352934
0.271459
0.083068
1.089551
1.763009
0.464052
1.166891
0.059820
0.085861
0.011587
0.095633
0.077954
0.959770
0.821788
0.410607
0.076184
0.889819
1.101925
0.244214
0.254013
0.056685
0.585961
1.369453
0.296649
0.317040
0.060742
0.104156
0.048676
0.863772
1.079773
0.051454
0.199195
0.180896
0.144414
0.121326
0.160206
0.967434
0.063081
0.244623
0.006717
0.076247
0.411625
0.085812
2.625877
0.229204
0.632583
0.073143
0.110954
0.467520
0.369596
0.454817
0.626947
0.119591
0.380379
0.088432
0.573332
0.520759
0.215510
0.745981
0.316837
0.133793
1.031228
0.799646
0.386473
0.066033
0.006754
0.836987
1.938192
0.070750
0.111204
2.454332
0.159676
0.714409
0.081449
0.156084
0.068551
1.012968
0.258952
0.198101
0.322712
1.306815
1.291532
0.105464
0.075098
0.305457
0.217144
0.862329
0.055034
0.606050
0.454205
0.426175
1.383936
0.317151
0.232249
0.322706
0.449977
0.243038
0.169876
0.425118
0.363776
0.334191
0.416554
0.781015
0.142424
0.628732
0.030104
0.235794
0.438241
0.310566
0.607211
0.030573
0.246653
0.493862
0.143497
0.376297
0.044264
0.460348
0.215871
0.104712
0.181337
1.473075
0.718872
0.138134
0.269915
0.071985
0.631055
0.005310
0.365998
0.002505
0.437634
0.018312
0.339090
0.080409
0.875074
0.674174
0.998210
1.080039
0.061831
0.297044
0.213356
0.855845
0.353876
0.667314
0.296213
0.706797
0.154351
0.379364
0.221966
0.478848
0.637711
0.543357
0.414693
0.330073
1.172056
1.977333
0.480266
0.485125
2.377932
0.073301
0.491761
0.427420
0.094567
0.063047
0.642234
3.276973
0.978787
0.442616
1.073901
1.846853
0.017978
0.131077
0.791301
0.391061
1.710982
0.138257
0.177837
0.132604
0.742096
0.536164
0.945824
0.340611
0.193174
0.266246
1.891062
0.127145
0.250186
0.451362
0.933928
0.243142
0.656333
0.318907
1.606226
1.167669
0.445825
0.574339
1.160363
0.297848
0.157579
0.768692
0.275773
0.182384
0.007894
0.123271
0.942624
2.037759
0.308165
0.079795
0.121654
0.132890
0.818139
0.033683
0.649863
0.067202
0.325050
0.609745
0.215620
1.026695
0.177735
0.108980
0.148391
0.015257
0.550401
0.122015
1.353595
0.148810
1.148704
0.901128
0.612493
0.093049
0.483964
0.069734
0.322607
0.505020
0.214378
0.195529
0.482232
0.827110
0.318540
0.900244
0.021532
0.161802
1.150935
0.733848
0.257271
0.237355
0.321382
0.698217
0.143598
0.742105
1.481768
0.353045
0.813222
0.478243
0.641807
0.667133
1.032481
0.487022
0.423992
0.433054
0.785720
0.106506
0.618239
0.155786
0.879111
0.030021
0.447464
0.295712
1.008832
0.032285
0.165116
1.199466
0.206994
0.099940
0.567736
0.675883
0.409475
0.082964
0.340352
0.827064
1.303276
0.291791
0.189293
0.653897
0.029802
0.019441
0.313898
1.337112
0.540264
0.019347
0.357139
0.301505
0.130558
0.124262
0.637452
0.029587
0.163090
0.186915
0.350508
0.078537
0.234550
0.768935
0.028044
0.624880
1.695621
0.660767
0.303158
0.372683
1.086510
1.481950
0.203368
0.836664
0.247547
0.523985
0.390402
0.297420
0.581556
0.004114
0.238525
0.213910
0.023624
1.102924
0.806999
0.161453
0.058206
0.368500
0.202794
0.245689
0.895953
0.908029
0.381331
0.116466
0.487087
0.443514
1.270541
0.444373
0.193859
0.235692
0.060670
0.116321
0.195962
0.297510
0.010071
0.627161
0.051460
0.412658
0.089013
0.769229
0.422099
0.390954
0.071566
0.478880
0.283091
1.361098
1.113769
0.390665
0.304147
0.127848
1.332647
0.170597
0.032513
0.311809
0.343455
0.578309
0.026764
0.270720
0.160296
0.233816
0.789826
0.245960
0.435035
0.062894
0.906996
0.459421
0.894669
1.365131
0.088919
2.761873
0.636636
0.660291
0.386612
0.960180
0.214829
1.766591
0.774914
0.138190
0.359737
0.139485
0.314708
0.292966
0.380196
0.377568
1.189792
0.014915
0.121358
1.603607
0.296633
0.336463
0.202517
0.138162
1.053246
1.227429
0.222856
0.628219
0.361951
0.106944
0.525099
0.566704
0.104478
0.231190
0.264737
0.649228
0.126584
0.714297
0.598391
0.005722
0.000916
0.118385
0.147062
0.316428
0.531004
0.774014
3.444133
0.412369
0.848375
0.120709
0.368216
0.153400
0.609159
0.962854
0.352240
0.436865
0.731268
1.002226
0.176870
0.166685
0.029783
1.478965
1.629345
0.141444
0.191576
0.233123
1.814239
0.390393
0.071359
0.556272
0.402971
0.072415
1.068982
0.825517
0.462864
0.384307
0.452529
0.461579
0.051568
0.265687
0.849747
0.482710
0.564131
0.368546
0.320661
0.100471
0.054966
0.138375
0.024230
0.257122
0.372485
0.055540
0.215485
0.333558
0.216569
0.551931
0.981132
0.196501
0.118093
2.443867
2.793074
0.721325
0.068077
1.053328
0.424138
0.656615
0.267816
0.091559
0.203073
0.359434
0.433194
0.081855
0.070708
0.147815
0.558146
0.464785
0.288107
0.749426
0.938765
0.332069
0.098410
0.232834
0.446305
0.376217
0.979843
1.423170
0.109821
0.633914
0.155247
0.261754
0.620697
0.152696
0.093924
0.911041
0.076297
0.679549
0.421243
0.406216
1.206408
1.167290
0.035705
0.336643
0.027841
0.112067
0.685029
0.648535
0.820124
0.101600
0.349867
0.529360
0.553073
0.572762
0.012856
0.150271
0.118320
1.079167
0.112527
0.262057
0.461960
0.315972
0.845001
0.188482
0.657654
2.161535
0.082656
1.032298
0.654387
0.639585
0.280493
0.511223
0.490255
0.344849
0.069778
0.568221
0.600429
1.044397
0.260194
0.351732
0.030964
1.198402
0.086126
0.653219
0.446940
0.101436
2.245941
0.808886
0.035265
0.105563
0.117595
0.556062
0.537599
0.012690
2.106537
0.247458
0.005936
0.074000
0.152929
0.676721
0.980567
0.590229
0.240582
0.331000
0.106061
0.358917
0.089099
1.104538
0.245802
0.420745
0.251536
0.297470
0.324971
0.403228
0.097778
0.035672
0.668144
0.091014
1.022108
0.818098
0.220611
0.041744
0.323533
0.007820
0.055555
0.309595
0.260352
0.062193
0.457133
0.553432
0.978120
0.306697
0.224918
0.137579
1.429485
0.403048
0.698656
0.055966
0.293134
0.076049
0.561698
0.912957
0.445190
0.082880
0.249195
0.728620
0.125263
0.069443
1.355610
0.048325
1.366325
0.171452
0.094507
0.264982
0.182507
0.162439
1.031760
0.621895
0.250722
0.319503
0.239919
0.145815
1.334468
0.680087
0.340118
1.033149
0.176047
0.141342
1.937384
0.674279
0.244970
0.530756
0.432936
1.882603
0.822060
1.784353
0.681209
0.014419
0.053503
0.565831
0.064231
0.018557
1.717854
0.173205
0.296930
0.159835
0.422173
0.193421
2.110679
1.669200
0.787483
0.228198
0.122606
0.643060
0.058167
0.620603
0.454416
0.260950
1.575689
0.429302
0.079494
0.211212
0.130886
0.647876
0.193848
0.018919
0.598856
0.033786
0.033903
0.803711
0.679036
0.102965
0.904037
0.620044
0.325895
0.166924
2.075513
0.025147
0.463979
1.746213
0.006824
0.253438
0.204745
0.131344
0.064647
0.295144
1.423504
0.633439
0.956760
1.147255
0.174450
3.737451
0.139681
0.372063
0.646841
0.416336
0.412747
0.275700
0.497741
0.493811
0.126449
0.233643
0.840062
0.030663
0.043837
0.173035
0.210280
0.035314
0.208961
1.477886
0.019248
0.219363
0.212008
0.234023
0.441138
0.314496
0.856311
0.375539
0.102382
0.557444
0.278724
0.326673
0.556580
0.555947
0.002279
0.253103
0.134711
0.417966
0.860404
1.007330
0.107878
0.022777
0.137174
0.003874
0.054916
0.195687
0.178519
0.296504
0.248843
0.513388
0.251510
0.280909
2.901665
0.675242
0.813811
0.437505
0.116443
0.488036
0.058989
0.249545
0.174963
0.386762
1.030272
1.701698
0.117659
1.048449
0.226248
0.295169
0.293217
0.102308
0.187342
0.507726
0.130405
0.401958
0.518493
0.202923
1.044946
1.456918
0.759170
0.156236
0.442848
0.096928
0.598982
0.439204
1.245113
0.348373
0.091780
0.066689
0.066770
0.163546
0.364680
0.272594
0.850771
0.247475
0.244701
0.013829
0.155688
0.695088
0.320408
0.621104
1.374502
0.770030
0.214635
0.090509
0.206289
2.600957
0.345742
0.120627
1.408599
0.164316
0.329587
0.375177
0.304694
0.099783
0.059592
0.233743
0.573969
0.164290
0.344866
0.824394
0.409397
0.008102
0.129375
0.236311
0.260835
0.477244
0.258684
0.560479
0.227821
1.047992
0.243300
0.179745
0.543365
0.662698
0.315132
0.000371
0.652442
1.701343
0.121099
0.552853
0.141718
0.598367
0.109590
0.607222
1.054886
0.184937
0.039819
0.412134
0.444865
0.427645
0.230352
0.080243
0.446913
0.454590
0.372119
2.973006
0.119215
1.321250
0.556482
0.431488
0.819608
0.029187
1.060396
0.316073
0.782724
0.213558
0.316771
0.366778
0.188678
0.576625
0.104636
0.411784
0.240805
0.243594
0.153441
0.151192
0.593439
0.208373
0.864082
0.167080
1.236399
0.106319
0.283108
0.353181
0.777229
1.576013
0.350537
0.000416
1.086005
0.096407
0.432476
0.588697
0.132027
0.307160
0.087456
0.011672
0.821505
0.496803
0.391399
0.064446
0.188550
0.657824
0.572959
0.595962
0.062412
1.462450
1.576888
0.836123
0.169236
0.756381
0.050594
0.113321
1.774558
0.375989
0.617830
0.713446
0.332573
0.119957
0.715182
0.232490
0.246059
0.207535
0.032948
0.484763
0.801473
0.126957
0.516145
0.464815
0.962083
0.103318
0.647736
0.092054
1.252869
0.262377
0.999459
0.018193
0.218965
0.862501
0.941635
0.513292
0.460057
1.442488
0.930762
0.425224
0.320003
0.403630
0.202275
1.591168
0.728845
0.049083
0.200510
0.084740
0.283881
0.250550
0.749469
0.131921
0.481662
0.272746
0.907633
0.319689
0.467135
0.414411
0.511569
0.372760
1.783093
0.351652
0.411907
0.197534
0.197916
0.263099
1.723159
1.318377
0.217934
0.837526
0.347758
0.874371
0.228345
0.897600
0.767440
0.071849
1.311441
0.061017
0.171066
0.223623
0.355674
0.034342
0.448880
0.068137
0.333566
0.280817
0.457865
0.049330
2.492534
0.137423
0.483084
1.674738
0.683958
0.099657
0.172136
0.037493
0.445628
0.150148
0.000325
1.433728
0.037417
0.348410
0.733023
0.288773
0.204540
0.403362
0.424989
0.152682
0.552162
0.991417
0.488763
0.097754
1.320432
0.121850
0.181907
0.268518
0.519231
1.175650
0.356136
0.509663
0.078365
0.069018
0.463245
1.105587
0.185271
1.128435
1.643994
1.148800
0.084045
1.652773
0.924663
0.128625
0.312888
0.473144
0.547635
0.806955
0.090463
0.135987
0.033090
0.898088
0.052929
0.582051
0.005860
0.014791
1.172090
0.190360
0.294097
0.399338
0.125119
1.541101
0.104890
0.228208
0.043365
0.788234
0.148448
0.249379
0.583368
0.123942
0.172808
0.926844
0.100979
0.072439
0.036375
0.522096
0.686577
0.665369
0.297934
1.216326
1.821837
0.359699
0.685731
0.038598
0.112041
0.709234
0.054595
0.055368
0.038735
0.397158
0.531962
0.175439
0.348831
0.929392
0.542918
0.440133
0.507275
1.258254
1.909335
0.197302
0.074719
0.157533
0.092800
0.194067
0.259708
0.136930
1.748347
0.082334
1.850052
0.271175
0.033081
1.489172
1.340996
0.831118
0.011847
0.070969
0.419898
0.067827
0.135347
0.514655
0.561910
1.113046
1.395802
0.097531
0.666260
0.459470
0.718886
0.233901
0.367315
0.674667
0.601446
0.538120
0.005452
1.016546
1.976524
0.268908
0.057499
1.502957
0.419437
0.043820
0.230324
0.499598
0.016796
0.178837
0.291797
0.029052
0.283719
0.005182
0.101243
0.554594
0.529299
0.976905
0.413023
0.447920
0.018064
0.177204
0.107088
0.799811
0.557423
0.624329
0.386760
0.232377
0.232795
0.398654
0.137732
0.217735
1.682488
0.214938
0.180877
0.380970
0.283981
0.558396
0.090200
0.314012
1.812868
0.467195
0.369912
0.260770
0.480495
0.612266
0.039828
0.157728
0.415483
0.509148
0.991264
0.457964
1.383918
0.028324
0.253651
0.469827
0.730904
1.378326
1.980252
0.075655
0.332723
0.125338
0.340074
0.300186
0.423309
0.797285
2.087756
0.002234
0.317134
0.081081
0.318206
0.292637
0.707082
2.526889
0.946698
0.234488
0.601519
1.301893
0.517679
0.153324
0.415972
0.353806
0.997352
0.348577
0.413057
0.151789
0.058962
0.200564
0.110525
0.048356
0.318246
0.576449
0.188373
1.666488
0.072902
1.081612
0.716311
0.064090
1.101389
0.131328
0.157357
0.223391
0.560490
0.013621
0.218425
0.370623
0.256439
0.027572
0.298453
0.023615
0.191174
0.007194
0.402947
0.100256
0.363129
0.061403
0.293059
0.493787
0.295296
0.513388
0.635954
1.243591
0.197352
0.017095
1.065028
0.309756
1.254552
0.514292
0.436254
0.825555
1.033680
0.955609
0.092250
0.396507
1.055872
0.369503
0.036824
0.164394
0.429085
0.367494
0.197511
1.121238
0.382615
1.058665
0.039247
0.026204
2.670861
0.365954
0.567501
0.290994
0.087683
0.253983
0.221638
0.333711
0.282725
0.136718
1.485644
0.215818
1.067376
0.378428
0.086414
0.703670
0.241411
0.198151
0.180289
0.151861
0.947256
0.233985
0.390594
0.277276
1.123180
1.014273
0.192446
0.280174
0.689403
0.251237
0.327009
0.679988
1.226575
0.086359
0.102006
0.038888
0.406989
0.391116
0.412537
2.246075
0.761299
0.357247
0.207271
0.544700
0.021152
0.344652
0.271320
0.276155
0.872261
0.639196
0.579684
0.561780
0.050045
0.129679
0.052986
2.276297
0.050976
0.272386
0.271029
0.932319
0.843686
1.143834
0.443828
0.652768
0.029410
0.741243
0.814311
0.476000
0.189565
0.227536
0.461702
0.051237
1.044376
1.425317
0.715605
1.247960
0.290148
0.099085
0.209246
0.154309
1.157756
0.014342
1.410204
2.831512
0.148348
0.020916
2.133927
0.218213
0.309016
0.259125
0.110763
0.161475
0.180438
0.773433
0.002488
0.223189
0.410505
0.827122
1.826557
1.041953
0.095799
0.430102
1.805143
0.025920
0.366065
0.662010
1.722558
1.601794
1.224994
0.185575
0.127396
0.843672
0.206499
0.090366
0.834376
0.452017
0.115531
0.798522
1.485275
0.550265
0.112788
0.079750
1.434952
0.351477
1.362973
1.480749
1.001008
0.341132
0.707392
0.913260
0.231086
1.339608
0.268886
0.210067
2.005991
1.367211
0.040051
1.497880
1.124296
2.337984
0.150594
0.063561
0.819107
0.456147
0.167537
0.480110
0.107505
0.337678
0.267813
0.076687
0.086184
0.479392
0.170978
0.053584
0.064781
0.126889
0.025586
2.150960
0.634105
0.822290
0.872871
0.046470
0.670258
0.138164
0.282634
0.636826
0.097099
0.355422
0.554624
0.036800
0.346028
1.331454
0.105565
0.182013
0.376081
0.322223
1.277568
0.640281
1.691750
0.205502
0.998690
0.066424
1.535835
0.083577
0.128110
0.039076
0.237462
0.161421
0.031808
0.050868
0.043225
1.090708
0.102580
0.860487
0.068801
0.480221
0.389680
0.181964
0.067364
0.118807
0.235815
0.491083
0.076429
0.417755
1.334136
0.554940
0.021137
0.958479
0.249219
0.003747
0.105337
0.148416
0.070705
0.077519
0.264462
0.221501
0.123458
0.777542
0.502298
0.164550
1.083855
0.630494
0.091689
0.036847
0.385808
0.175560
0.582890
0.041166
0.459598
0.841991
0.171617
1.889974
0.289791
0.283061
0.392109
0.231411
0.054171
0.439638
0.126442
0.341796
0.448712
0.266709
0.697224
0.644128
0.407117
0.088841
0.042857
0.747644
1.514328
0.629304
0.028944
0.907555
0.283325
0.126667
1.194204
1.758490
0.366872
0.453845
0.025302
0.064515
0.264589
0.207662
0.051697
0.951163
0.739536
0.513264
0.125048
1.039039
0.128524
0.294138
0.231041
0.854768
0.976385
0.065088
0.391863
0.268192
0.167632
0.491005
0.105951
0.134901
0.208815
0.141978
0.038251
0.743544
0.318375
2.005203
0.681839
2.348832
0.431871
0.789035
0.059356
2.270161
0.071647
0.117965
0.916631
1.180382
0.954986
0.031674
0.758159
0.040922
0.352711
0.081560
1.139602
0.226451
0.159118
0.290744
0.755611
0.407567
0.034341
1.758587
0.789670
0.261930
0.122642
1.010732
0.100288
0.583193
0.946606
1.301989
0.568769
0.279161
0.635855
0.783497
0.269922
0.959169
0.000747
0.148712
0.711067
0.960050
0.191842
0.387485
1.344063
0.870780
0.585258
0.884880
0.104726
1.639880
0.157739
1.726226
0.366758
0.205442
1.395571
0.188199
0.682670
0.084900
0.099964
1.304868
0.931120
0.015551
0.956853
0.371241
0.306664
0.424451
0.189458
1.042189
0.276923
0.190549
0.071292
0.101711
0.093344
0.300320
0.642499
0.053953
0.161684
0.266486
1.343497
0.312992
0.235406
0.113121
0.284224
1.128268
0.387624
0.232803
0.117203
0.167119
0.375825
0.247287
0.118217
0.233474
0.273047
0.032552
1.137273
1.057000
0.504128
0.119480
0.702966
0.031156
0.376918
1.093501
0.140172
0.601552
0.207218
1.718288
0.809814
0.478009
0.239799
0.662021
0.042150
0.706263
1.377704
0.361226
0.527432
0.322967
1.088795
0.985630
0.713441
0.268155
0.144433
1.761789
0.776023
0.556883
0.017056
0.578135
0.400283
0.552337
1.140879
0.182488
0.652987
0.278729
0.107547
1.816587
0.067954
0.380521
1.418452
1.323273
0.080319
0.194570
0.543906
0.130191
0.041057
0.457475
0.680672
0.655767
0.039138
0.497626
0.447402
0.901617
0.023267
0.923213
0.819282
0.896841
0.360649
0.914037
0.365939
0.033500
0.354596
0.269691
0.231488
0.135281
0.929683
0.415202
0.118252
1.775521
0.050987
0.082444
1.153345
0.140749
0.321581
0.414434
0.321789
0.402828
0.088918
0.123126
0.166897
0.136043
0.944063
1.040165
0.038142
1.122689
0.631704
1.056757
0.650546
0.131456
0.633748
0.141687
0.175485
0.128365
0.544805
0.549188
0.311319
0.354517
0.131147
0.560568
0.326181
0.198497
0.874642
0.238692
0.425497
0.178676
1.432813
0.024386
0.960975
0.056009
0.154539
0.073947
0.210937
0.060813
0.006334
0.270325
0.004336
0.654480
0.176069
0.666660
1.623249
0.007700
2.042029
0.148587
0.138341
0.520379
1.286367
0.610692
0.084029
0.083847
0.238428
0.502398
0.328939
0.114939
0.006784
0.028317
0.352452
1.567835
0.054161
0.222771
0.032270
0.229858
0.343582
0.261016
0.329913
0.356255
0.869535
0.338334
0.136881
0.064561
0.129445
0.111933
0.073332
0.118654
0.305934
0.237505
0.976196
0.240097
0.043487
0.006421
0.383638
0.310476
0.520136
0.008967
0.551216
0.539579
0.037812
0.095448
0.479400
0.096486
0.381038
0.568390
0.392667
0.015386
0.044873
0.013733
0.388146
1.204818
0.365719
0.755654
0.015893
0.686936
1.954915
0.091782
1.586560
0.287788
0.394633
0.846935
0.854505
0.495940
0.882910
0.219004
0.048084
0.322746
0.232969
0.712779
0.072925
0.294653
1.354578
0.697892
0.484825
0.314345
0.282386
0.090052
0.343596
0.364228
0.106540
0.018802
0.278870
0.620131
0.847182
0.306969
0.305845
0.795406
0.492400
0.268665
0.133194
0.094557
0.131909
0.027130
0.808305
0.031385
0.261696
1.118014
0.384405
0.756943
0.528846
0.557598
0.127598
0.441127
0.276267
0.935463
0.027155
0.969043
0.005447
0.399115
0.233697
0.113290
0.441887
0.806888
1.223433
0.257973
0.150316
0.231813
0.111137
1.086376
0.772517
0.283842
0.030111
0.009378
0.332743
0.982605
0.041377
1.119663
0.699166
0.478371
0.559535
0.260215
0.169843
1.144595
2.407051
0.623295
0.682600
0.022889
0.420287
0.704282
0.451467
1.422832
1.588027
0.100081
0.678893
1.026635
0.439094
0.001212
0.138989
0.765704
1.097119
0.014911
0.122268
1.468740
0.024577
0.606858
0.822208
0.068132
0.453639
0.410338
0.679817
0.157215
1.684862
0.015875
0.092230
1.578965
0.680836
1.221594
0.001118
0.187205
0.552249
0.454228
0.146655
0.492918
0.753114
2.901217
0.345134
0.225273
3.709474
0.675937
0.079199
1.094435
0.736205
0.225824
0.900776
0.853504
0.034316
0.513377
1.459196
0.543404
0.112634
0.584342
1.347840
0.091540
0.637334
0.053208
0.066643
0.312039
0.007083
0.067920
0.749283
0.573937
0.643446
0.015621
0.185214
0.348706
0.014066
0.825442
1.000678
0.013757
0.398549
0.005701
1.233118
0.192826
0.234809
0.693255
0.074589
0.290883
0.248696
0.044178
0.054795
0.450189
0.743144
0.018489
0.715401
0.340872
0.073816
1.084325
1.591151
0.082036
0.006384
0.664125
0.897907
0.666962
0.725831
0.077491
0.136355
0.788868
1.515047
0.054648
0.859341
0.347628
0.061012
0.665513
0.860314
0.336311
0.332618
1.604850
1.334810
1.050775
0.022601
0.017565
0.318683
0.851833
0.036728
0.132113
0.187165
0.116644
0.062707
0.157876
0.222669
0.069950
0.002919
0.107464
1.009129
0.738414
0.205467
0.055913
0.416432
0.170301
0.117440
0.243795
0.779639
0.195933
0.064877
0.471777
0.840568
0.467655
0.422438
0.682382
0.332056
0.476718
0.754975
1.568496
0.283319
0.948231
0.104612
0.682895
0.029862
0.183114
0.007852
0.270100
0.287424
0.010817
0.471790
0.181435
0.787616
1.475741
0.263920
0.221769
0.134853
0.483077
0.681548
0.013228
1.438193
1.004292
0.506492
0.708376
0.320617
0.116127
0.348636
1.592565
0.862541
0.165043
1.233812
0.146791
0.070228
0.054908
3.586292
0.104752
0.264373
0.007462
0.466188
0.941497
0.018444
0.122408
0.082549
0.883794
0.090095
0.413124
0.103816
0.256485
0.100305
1.341384
0.278778
0.067011
0.798379
0.033208
1.072489
0.157907
0.158394
0.243057
0.130314
0.049003
0.548495
0.078120
0.213678
0.797680
0.142940
0.213090
2.140785
0.538382
0.224564
0.448933
0.353796
0.253774
0.829609
0.538464
0.128923
1.836523
0.125303
0.267883
0.235711
0.258287
0.212634
0.812983
0.376309
0.077657
1.010729
0.265343
0.267781
0.074861
0.796748
0.516542
0.132250
0.310796
0.777330
0.433963
0.150604
0.019052
1.309879
0.141351
0.596500
0.170538
0.912608
0.113990
0.580816
0.522815
0.994689
1.228516
0.487928
0.044356
0.199561
3.462088
0.335037
0.562730
0.810489
0.008674
0.855598
0.554078
0.280180
0.133293
0.827442
0.127951
1.052285
0.021086
0.583490
0.549567
0.485735
1.485723
0.609081
0.397760
0.108473
0.256178
0.908995
0.017215
0.464153
0.371877
0.573439
0.315553
0.289003
0.182284
0.402473
0.730671
0.181576
0.021045
0.293109
0.056481
0.030096
0.152531
0.749502
0.334141
0.343515
0.440381
0.624476
0.235029
0.492859
0.256989
0.021388
0.142711
0.215899
0.685411
0.797168
0.394484
0.079509
0.503388
0.433191
0.696752
0.086747
0.151840
0.124098
0.455979
0.418978
0.740700
0.228120
1.027575
0.840730
0.830128
1.925491
1.029089
0.037810
0.704042
0.222929
0.421711
0.208457
0.037858
1.448383
1.717133
0.321997
2.158994
0.121708
0.872827
0.659832
0.006548
0.231936
1.059273
0.521517
1.504765
0.499279
0.822259
0.119502
0.953191
0.259729
0.757051
0.489168
0.738099
0.527663
0.288093
0.435426
0.498021
0.185731
0.531001
0.243921
0.554333
0.126802
0.649091
0.679187
0.092442
0.593269
0.122778
0.084490
1.208311
0.022080
1.095738
1.287119
0.267521
0.730599
0.423620
0.227097
0.255106
0.237647
0.430935
0.144518
0.764979
0.221290
1.040033
0.404785
0.004795
0.187739
0.073297
0.511111
0.488173
0.781736
0.013303
0.173586
0.007351
0.699646
0.018455
0.101299
0.297060
0.146494
0.206900
0.222152
0.176319
0.128813
0.166003
0.621570
2.665159
0.961806
0.039827
0.251089
0.132126
0.530935
0.518952
0.007899
0.005942
0.367904
0.422712
0.010795
0.897647
0.613757
0.541709
0.305541
0.344152
0.582087
0.694253
0.358890
0.290846
0.772739
0.594640
1.099113
0.020806
0.017517
0.142330
0.206189
0.151596
0.377774
0.025357
0.148328
0.242391
0.067345
0.527043
0.479062
0.757529
0.176407
0.499922
0.785155
0.852354
0.113255
0.839333
0.527914
1.202133
0.322122
0.057892
0.261483
0.088822
0.982645
1.259169
0.462928
0.520183
0.477212
0.339433
0.581468
0.524045
0.674571
0.012843
1.209198
0.157893
0.038877
0.091742
0.532037
0.112086
0.854974
0.158275
1.982355
0.061885
1.168610
0.741503
1.363554
0.056076
0.441456
0.441776
0.007943
0.031663
0.595397
0.274957
0.126881
0.405858
0.209585
0.879931
0.113187
1.577643
0.193375
1.103695
0.466677
0.031617
1.234746
0.364597
0.201779
2.311711
0.578129
2.171949
0.105980
0.351057
0.149443
0.094389
0.484952
0.088225
1.450891
0.405371
0.155886
0.379107
0.076669
0.166767
0.449300
0.910635
0.613131
0.849092
0.250508
0.025131
0.517700
0.453993
0.003207
1.685648
0.333425
0.474873
0.013650
0.257123
0.070128
0.222357
0.248979
0.846959
0.212329
0.437614
0.193320
0.463628
0.703783
1.419751
0.726477
0.602548
0.343600
0.017282
0.131875
0.509684
0.191059
0.870614
0.324428
0.012248
0.513163
1.025687
0.038018
0.168853
0.315656
0.041480
0.145343
1.548144
0.590084
0.163684
0.220675
0.867604
0.508296
0.691276
0.510601
2.073286
0.201955
1.615768
0.444026
0.045815
1.161641
0.218993
0.775333
0.254635
0.246034
0.009962
0.019497
0.612469
0.930306
0.362423
0.655449
0.332865
0.244730
0.813903
0.740735
0.966023
1.073869
0.012632
0.830186
0.429040
0.181295
0.091219
0.255131
1.426271
1.237439
0.020150
1.305126
0.142591
0.000001
0.361832
0.204495
1.161655
1.018933
0.065951
0.179136
0.149427
0.077334
0.207273
1.669911
2.200008
0.965376
0.593687
0.321061
0.138538
0.345195
0.141527
0.051100
0.240529
0.158362
1.188025
1.583806
0.428535
0.038358
0.221239
0.364801
2.286543
0.252966
0.293838
0.135770
0.252968
1.602124
0.426042
0.177703
0.883350
0.597090
0.458430
0.045749
0.917379
1.403286
0.026697
0.880336
0.791274
0.687128
0.179693
0.018618
0.140911
0.397498
0.071764
0.493709
0.857081
0.020821
0.440171
0.251662
0.060877
1.431614
1.223115
0.055079
0.207737
0.221399
0.209354
0.667861
0.190758
1.235968
0.018406
0.079075
0.474183
0.505810
0.133100
0.301629
0.428962
0.168232
0.164978
0.231421
0.016613
0.437262
0.261331
0.163053
0.070411
0.389095
1.180817
1.510444
0.435599
0.337745
0.212878
0.595666
0.284588
0.150623
0.805949
0.743567
0.480994
0.076923
0.357709
1.367005
0.029967
0.396103
0.042409
0.555545
0.101380
0.189193
0.066066
0.712485
0.459074
0.259444
0.069626
0.501772
2.201453
0.385070
1.213472
0.063414
0.040505
0.850304
0.036477
0.538473
0.184461
0.269854
0.219678
0.678423
0.565338
0.084826
0.363361
0.174816
0.177364
0.013954
0.130744
0.220657
0.427453
0.186558
0.013999
0.709827
0.492350
0.082074
0.364581
0.128862
0.406193
0.521606
0.985252
0.392588
0.102118
0.739879
0.543948
0.152276
0.445476
0.661064
1.274958
1.142643
0.081562
0.162492
0.511915
0.879256
0.284141
0.085568
0.065483
0.658641
0.102170
0.217586
0.046577
0.712499
0.545711
0.061964
0.364588
0.171745
0.155947
0.018011
0.364803
0.869041
0.574520
0.237822
0.229514
1.011681
0.081743
0.015837
0.069824
0.674609
0.723258
0.026831
0.509178
1.233288
0.200021
0.163971
0.678997
0.720292
0.287138
1.003378
0.341943
0.486036
0.123221
0.438890
0.239981
1.071442
0.603408
1.145755
0.095214
1.733550
1.361073
0.587685
0.787362
0.480285
0.036183
0.087795
0.331906
0.124636
0.106731
0.477843
1.624522
1.571283
0.550858
0.458146
1.027679
2.977679
1.058450
0.476967
0.714848
0.190252
0.327303
0.147835
1.391805
0.599950
0.917109
0.192374
0.435491
0.389476
0.123119
0.702950
0.356579
0.082750
0.295430
0.180371
0.734526
0.362793
0.311698
0.147166
0.667024
0.533697
1.021740
0.598300
0.474568
0.386228
0.176754
0.331675
0.383430
0.097628
0.052489
0.175594
0.340470
0.433760
0.401610
0.282856
0.163408
0.249100
0.695999
0.983926
1.355204
1.748076
0.477382
0.292951
0.065178
0.031601
0.685679
1.113151
0.430434
0.117936
0.079524
0.188290
1.005758
0.008811
0.005822
0.326136
0.405504
0.185066
1.662348
0.047772
0.333479
0.032894
0.244915
1.971024
0.515962
1.401607
0.266055
1.278499
0.201555
0.089598
0.763252
0.154114
0.071787
0.253586
0.616613
0.147831
0.307214
0.303381
0.080104
0.018464
0.546819
0.174835
0.215431
0.378809
0.187381
0.224417
0.005206
1.012996
0.555825
1.832076
1.600244
0.085819
0.019394
0.212727
0.074429
0.572419
0.168375
0.400304
0.463407
0.480741
0.627636
0.244608
1.072477
0.944395
0.767854
0.447724
0.055302
0.139689
0.023788
0.145671
0.164253
0.621473
0.396836
0.497197
0.138988
0.984364
2.394536
0.145874
0.651901
0.543338
0.129008
0.581992
0.858457
0.154257
0.017445
1.593309
1.470501
0.192978
0.356300
0.400784
1.389298
0.127210
1.392479
0.859629
0.038106
0.641806
0.265834
0.098060
1.701271
0.307019
0.281784
0.141654
0.093349
1.923231
1.046831
0.266358
0.913208
1.014164
0.548359
0.419101
0.378692
1.119578
0.147369
0.216538
0.086531
0.170936
0.185661
0.056082
0.470497
0.856873
0.535707
0.396633
0.022731
0.452854
0.229778
0.062682
0.191883
0.758914
0.175424
0.168031
0.136989
0.648658
0.379786
0.263780
0.611035
0.262884
0.865657
0.393060
0.162410
0.335676
0.059338
0.826308
0.240985
0.228782
0.087142
0.389733
0.534630
0.317551
0.521282
0.154963
0.171195
0.181869
0.841362
0.203513
1.154659
0.100794
0.300920
0.123834
1.653600
0.689376
0.351398
0.113471
0.322029
0.018817
0.474652
0.099361
0.295145
0.286296
0.644790
0.642189
1.294607
0.905525
0.379247
0.183619
0.113886
0.588130
0.944259
0.984602
0.088183
0.342743
0.067870
0.300392
0.807428
1.415645
0.770870
0.604915
0.065985
0.136028
1.269992
0.045517
2.145039
0.277505
0.171278
0.309149
0.310757
1.166709
0.512720
1.196820
0.206981
0.227834
0.499674
0.153192
0.113132
0.089270
0.423442
0.260596
0.965786
0.272325
0.155045
0.008455
1.239121
0.250066
0.315920
0.631491
0.203693
0.146769
0.271452
0.306471
0.339196
0.207814
0.394013
0.325872
0.726235
0.901830
1.406725
0.129954
0.670357
0.435377
0.074007
0.040234
1.471945
0.733669
0.208676
0.081161
1.351316
1.217841
0.405988
0.775704
0.202046
0.864785
0.816915
0.142860
0.121794
0.159556
1.686549
0.400145
0.374948
0.242789
0.004544
0.010179
0.645008
0.404061
0.345590
0.337400
0.246829
0.289033
0.635804
0.068455
0.010296
0.973158
0.114875
1.716676
0.492636
0.395356
0.062529
0.410074
0.307113
0.559776
0.213613
0.783566
0.342801
0.082735
0.020350
0.623096
0.277311
0.002808
0.152722
1.531949
0.247361
0.158899
1.814302
0.061080
0.875951
0.319768
0.465366
0.121779
1.212265
0.196784
0.210888
1.343112
0.100786
0.398572
1.149215
0.828311
0.050388
0.008643
0.230107
0.404622
0.586740
0.630335
0.212448
0.103466
1.016431
0.243918
1.147938
0.174601
0.248500
0.088685
0.142539
0.761415
0.285271
0.125188
1.136022
0.151457
0.592010
0.349214
0.324569
0.464985
0.880095
0.861928
0.385334
0.005300
0.231819
0.287131
0.856736
0.314499
0.302584
0.104505
0.010959
0.078169
1.177721
0.229308
0.201475
0.744027
0.700984
0.131320
0.035715
0.078640
0.250035
0.190618
1.311678
0.880982
0.386609
0.869602
0.046952
0.132262
0.197985
0.418664
0.909656
0.084186
0.246131
0.235129
0.090464
0.713072
0.835761
2.108779
0.128505
0.154662
0.095506
0.142722
0.264483
0.041162
0.478766
0.678251
0.959391
0.231056
1.813812
1.276503
0.362405
0.228589
0.136650
0.292617
0.108596
0.751661
0.155553
0.167635
0.005045
0.451117
0.955235
0.941612
0.691747
0.137710
0.126196
1.231397
0.000257
0.017865
1.151637
0.128837
0.179164
0.038412
0.322628
0.622298
0.083011
0.048053
0.302919
0.003103
0.309653
0.279136
1.317912
1.891934
0.791728
0.091646
0.272614
2.300602
1.450990
0.581823
0.160664
1.551926
0.165638
0.067798
0.812339
0.015896
0.229078
0.013216
1.460264
0.229483
0.031568
0.935933
0.452202
0.224976
1.263554
0.036656
0.038594
0.037946
0.088561
0.376095
0.041295
0.489088
1.567152
0.003820
0.459734
0.695564
0.096238
0.010897
0.675784
0.064014
0.617583
0.008055
0.039141
2.366848
0.077033
1.053184
0.011377
0.357018
1.173822
1.730351
1.053509
1.684709
0.843040
0.320863
0.198697
0.663760
0.392966
0.257262
0.824998
0.613156
1.335964
1.091159
0.200710
1.091740
1.126093
1.343391
0.508825
0.036241
1.533715
0.238794
0.105416
0.543351
0.251845
0.154204
0.530484
0.386624
0.077571
0.564087
0.025028
0.024654
0.517775
1.310189
0.006898
0.307838
0.256114
0.208997
0.108203
1.451549
0.680992
0.001272
0.527453
0.561549
1.102550
2.020091
0.412860
0.767609
1.228486
0.111970
0.963819
1.011588
0.434179
0.022811
0.377978
1.866164
0.185520
0.101865
0.361341
0.302283
0.985541
0.414342
0.348378
0.352269
0.337262
0.362322
1.681775
1.110237
0.972932
0.087164
0.905745
0.459377
0.088679
0.335071
0.161284
0.026848
0.318166
0.909445
0.906608
0.243128
0.019595
0.587822
0.145739
0.482204
0.665861
0.764573
0.451754
0.023525
1.714747
0.057933
0.346224
0.880976
0.558564
0.000726
0.203198
0.089194
0.363821
0.177867
0.028193
0.234274
0.307464
1.110108
1.845924
0.486219
0.238839
0.144367
0.560612
0.950390
0.046377
0.357687
0.134348
0.067917
0.113056
0.335169
0.684825
1.393132
0.158551
0.208256
2.077359
0.136785
0.298976
0.330785
0.035013
0.065536
0.332193
0.256735
0.168595
0.001183
0.603533
0.208556
0.236166
0.087324
0.132287
0.216568
0.761829
0.473691
0.461048
0.304593
0.310686
0.587041
1.708625
0.599355
0.851628
0.092905
0.103439
0.414729
0.057098
0.306822
1.173646
0.048381
0.598608
0.218815
0.429231
0.725357
0.324355
0.031788
0.091470
0.720920
0.033049
1.012890
0.055220
0.290279
0.014383
0.205511
0.784968
0.831533
1.490645
0.250649
0.155066
0.265570
0.044500
0.133187
0.058538
1.166853
0.258267
0.176459
0.314409
0.358037
0.705273
0.231932
0.462615
0.302528
0.646559
0.099071
0.123944
0.113367
0.138103
0.244480
1.696236
0.182140
0.147081
0.036788
0.684655
0.166480
0.262092
0.385726
0.049161
0.220988
1.343503
0.223372
0.733320
0.008608
0.450873
1.059232
1.263698
3.006880
0.097490
0.244623
0.355541
1.352568
0.709538
0.059644
0.244773
0.330484
0.172793
0.466526
0.580003
0.381289
2.509125
0.529057
0.912682
0.142661
0.643361
0.439207
0.379034
0.070659
0.065178
0.490512
0.335715
0.027827
2.112195
0.149421
0.036932
0.433162
0.074312
2.374263
0.430263
0.189355
0.237606
0.044934
0.142772
0.073271
0.110570
0.504600
0.483738
0.337251
0.138627
0.182984
0.012212
0.134281
1.601564
0.993772
0.330582
0.574727
0.296675
0.007648
0.843640
0.421688
0.511176
0.181203
0.488921
0.491239
0.413137
0.593853
0.114784
0.602704
0.579843
0.762052
0.007905
0.033424
1.012978
0.153317
0.112180
0.034422
1.149147
0.859995
0.407226
0.076405
0.068143
0.435235
0.236788
0.045385
0.293686
0.986565
0.734756
1.111614
1.044375
0.439666
0.309470
0.363259
1.098843
0.044614
0.076592
0.300069
0.758072
0.213205
0.082257
0.314484
0.069249
0.091589
0.379133
2.989257
0.282342
0.659308
0.033068
0.201009
0.403076
0.485260
0.320029
0.571021
0.113049
0.948451
0.729658
0.520040
0.620571
0.385627
0.386435
0.442280
0.065343
4.258092
0.054637
0.005757
0.044505
0.140878
0.310610
1.003491
0.449095
0.476484
0.202082
0.640119
0.761138
0.997502
0.635584
0.119920
0.453766
0.765064
0.392935
0.081205
0.259266
0.008581
0.888163
0.466929
1.008636
0.456082
0.146206
0.431290
0.073041
0.784756
0.090182
0.149487
0.784275
0.156362
0.157265
1.047039
0.360866
0.659466
0.678217
0.056464
0.213077
0.038920
0.882499
0.068924
1.397412
0.397378
0.209287
0.383242
0.201585
1.087060
0.578010
0.666674
1.168106
0.362840
0.210319
0.735467
0.060717
0.454299
0.214022
0.144018
0.246137
0.360003
0.355335
0.099480
0.761168
0.753787
0.029469
0.175410
0.357832
0.803861
0.257646
0.976375
1.037900
0.131648
2.167040
0.839443
0.756598
0.199420
0.214449
0.059164
0.121159
0.017315
0.941947
0.063065
0.399302
0.106210
1.098163
0.545909
0.776261
0.135253
1.230550
0.097431
0.693662
0.275255
0.221170
0.379703
0.112759
0.267818
0.879971
0.624189
0.120628
0.131084
0.423321
0.046553
0.310045
0.408260
1.163041
0.138470
1.089894
0.144573
0.218088
0.053864
0.167830
0.112509
0.124633
0.901443
0.249509
0.057939
0.346146
0.099934
0.212648
0.267415
0.221748
0.050840
0.908769
0.628829
0.495422
0.020136
0.069852
0.305030
0.698178
0.211365
0.581256
0.195522
0.284270
0.080910
1.067195
0.204714
0.248219
0.731842
0.442234
0.682854
1.022985
1.028649
1.462157
0.047910
0.614438
0.207131
0.112066
0.115935
0.367331
0.396167
0.485349
1.054103
0.516264
0.306943
0.450979
0.159161
0.344806
0.644783
0.653397
0.144329
0.035938
0.269453
0.427106
0.349584
0.417377
0.304463
0.913087
1.577049
0.127242
0.277596
0.605538
0.050147
0.177081
0.522662
0.103390
0.002817
2.194787
0.245178
0.119489
0.354564
1.365186
0.897129
0.244264
0.432204
0.173013
1.973727
0.953016
0.782076
0.610909
0.434518
0.021175
0.745071
2.949581
0.478359
0.162630
0.414228
0.037315
0.062007
0.367610
0.175912
0.391175
0.125979
0.248810
0.919139
1.024534
0.432354
0.937114
0.978573
1.696871
0.030456
0.228378
1.157441
1.116735
0.699460
0.326888
0.102498
0.661815
0.201174
1.866607
0.289141
1.214625
0.008853
0.120271
1.199302
0.501740
0.338104
0.319739
0.610920
0.468363
2.483239
0.000955
0.081707
0.121517
0.250383
2.393937
0.045455
1.801518
0.910686
1.456063
1.399888
1.137929
0.187205
0.917538
0.780646
0.033841
0.193067
1.854238
0.802909
0.527163
1.513811
0.136176
0.414449
1.738821
0.300933
0.319922
0.461304
1.438263
1.450733
0.183963
0.401214
1.391034
0.185343
0.606207
0.083527
0.608146
0.592398
0.137710
0.564173
0.380058
0.103135
0.478047
0.280778
0.345267
0.304409
0.124112
0.415210
0.748786
0.108643
0.225814
0.279221
0.079421
0.460428
2.376243
0.061643
0.027774
0.311806
0.633825
3.038087
0.263014
0.013346
0.398658
0.213198
0.204796
0.145166
0.347562
0.020282
1.461025
0.676882
0.629715
0.325585
1.316376
0.201578
1.194311
0.278270
0.775113
0.068517
2.352217
0.415202
0.195307
0.218752
2.415846
0.317654
1.563780
2.049079
0.441206
0.005131
0.296553
0.181723
0.003972
0.970515
0.201033
0.407517
0.113818
0.550019
0.828686
0.609667
0.613610
0.704347
0.295572
0.275024
0.133353
0.234543
0.702984
0.076777
0.807822
0.391175
0.157633
0.785547
0.056471
0.450409
0.079226
0.052028
0.033065
0.054189
0.042899
0.525207
0.059910
0.377100
1.549781
0.064389
0.243926
0.168432
0.566923
0.445363
1.530250
0.334293
0.174223
0.539448
0.139265
0.674542
0.043382
0.324285
0.061054
0.910011
0.483205
1.239574
0.239541
1.103447
0.616131
0.334174
0.330554
0.965178
0.441271
0.396718
1.580475
0.552050
0.110273
0.036573
0.110388
0.082939
0.106204
0.438728
0.288878
1.018468
0.095461
0.248774
0.220914
0.315573
0.026705
0.458451
0.116938
0.072580
0.040308
0.195403
1.807706
0.597020
0.137004
0.218278
0.442109
1.478654
0.920017
0.036653
0.812136
0.278834
0.481686
0.714725
0.050435
0.847267
0.889205
0.174107
1.739559
0.011358
1.052741
0.262132
1.112958
0.026709
0.804692
0.143289
0.367020
0.955266
0.946616
0.652034
2.175838
1.307740
0.026734
1.612056
0.488913
0.172470
0.188403
0.118390
0.137073
0.084292
0.165309
0.021831
0.436851
1.150875
0.812993
0.567450
0.629799
0.503075
1.798570
0.578222
0.534772
0.951271
0.049031
0.397996
1.165631
1.119317
0.799837
0.274836
0.684020
0.521286
0.082105
0.659335
0.427035
0.113764
0.589995
0.110444
0.341832
0.003346
0.262994
0.664040
0.088254
0.586477
0.751948
0.682081
0.446367
0.434966
0.274914
0.183144
0.121288
0.251717
2.420079
1.028766
0.141420
0.044689
0.273311
0.080781
1.929165
0.123677
0.424372
0.644205
1.007160
0.642743
0.305139
0.290722
1.308531
0.080976
0.509581
0.274280
0.084913
0.024664
0.085533
0.191360
0.671006
1.366458
0.032217
0.199602
0.362825
0.332136
0.505085
0.657240
1.063897
0.494346
0.462688
0.068059
0.624900
0.012513
0.161790
0.589371
0.139758
0.943566
0.269463
0.058514
0.424291
1.033463
0.400756
0.345536
0.011606
0.105640
1.270295
0.098696
0.136288
0.040829
0.343710
1.891915
0.006737
0.409955
0.182937
0.376846
0.022959
1.425840
0.151067
1.300366
0.422205
0.998943
0.027250
0.166777
1.099533
0.199856
1.864052
0.071326
0.097996
0.249273
0.139449
0.693067
0.154632
0.791722
0.143122
0.170511
2.106076
0.093226
0.315640
0.126653
0.142852
1.679311
0.112219
0.151837
0.371953
0.354074
0.783365
0.421551
0.298643
0.026718
0.342002
0.010044
1.240930
0.397532
0.180854
0.818676
1.051601
0.163888
1.393950
0.028770
0.557467
0.100345
0.819629
1.390922
1.876792
0.028178
0.128759
1.631831
0.127380
0.593922
0.102604
0.320669
0.539904
0.244333
0.664600
0.102336
1.122160
0.373891
0.702659
0.210567
0.432109
0.143920
0.225952
0.341629
0.801147
0.549954
0.178721
0.564280
1.464726
0.136552
0.659164
0.482001
0.273071
0.386413
0.406768
0.253239
0.449582
0.765649
0.222471
0.851843
0.325875
0.393355
0.172233
0.074950
1.338390
0.013538
0.195996
0.872102
0.402931
0.041149
0.092511
0.070733
0.199583
0.380176
0.493017
0.068303
0.111319
1.311973
0.815299
0.079011
0.091043
0.384588
0.723672
0.442505
0.038926
0.193949
2.089177
0.551294
0.055613
0.210656
0.332745
0.438692
1.096750
0.751143
0.642478
0.856539
0.815055
0.024400
0.517686
0.221108
0.067698
0.840519
0.335991
0.304174
0.212567
0.061792
0.437860
0.394733
0.022360
0.245206
0.588962
0.117992
1.290031
0.305221
0.798498
3.523239
0.753457
0.762026
0.549985
1.075665
0.067330
0.083085
0.315370
0.007283
1.333046
0.106064
0.898339
0.663199
0.136408
0.326057
0.048232
0.227379
0.173275
0.435256
0.860603
0.509707
0.597861
0.259250
0.102349
0.675947
0.785621
1.048558
1.512644
0.630172
0.203292
0.691056
0.628639
0.059665
0.378709
0.241194
2.780702
0.535175
0.383708
0.311772
0.556720
0.313929
0.532247
0.352330
0.112093
1.121522
2.092591
0.173215
0.150055
0.162628
1.035952
0.041915
1.243559
0.423812
0.331794
0.053769
0.187579
0.162320
1.935142
0.153449
2.530165
0.187875
0.006658
0.617611
0.277312
0.393017
0.048212
0.273977
0.112487
0.494042
1.085021
1.031927
0.049345
0.389270
0.238019
0.174645
0.285279
0.225917
0.442884
0.592171
0.512491
0.309630
0.744641
0.408277
0.016895
0.150192
0.539414
0.212358
0.384667
0.509651
0.471214
0.377868
1.522249
0.488481
0.136932
0.237481
0.091901
0.201349
0.804620
0.230512
1.599506
0.578843
0.138799
0.027320
0.128552
0.485319
0.213844
0.541618
2.089918
1.371225
0.219683
0.491611
0.253122
0.069643
0.101637
0.281472
0.246727
0.928791
0.749205
1.302959
0.329957
0.244560
0.304863
0.285893
0.005218
0.595470
0.839865
0.098178
0.013969
0.475359
0.396641
2.161835
0.177855
0.780422
0.020371
0.373312
0.264834
0.245436
0.103843
0.252007
0.195408
0.391637
0.011018
0.637807
0.559070
0.115172
0.081972
0.032322
0.025484
1.313643
2.244281
0.380493
0.188847
0.294631
1.725374
0.196478
0.076184
0.761295
0.349805
0.092490
0.251586
0.026101
0.084581
0.593253
0.919126
0.108799
0.124712
0.145246
0.437885
0.262368
0.522066
1.187334
1.511867
0.554025
0.494021
0.489739
1.041876
0.754583
0.580923
1.296656
0.613163
0.563282
0.306265
0.010710
0.064552
0.277825
0.212425
0.152208
0.116694
0.946411
0.282223
0.462595
1.152380
0.442098
0.177095
0.675699
0.762789
0.365953
2.497344
0.227824
1.310684
0.512536
0.159358
1.054650
0.186277
1.154369
0.349754
0.103244
0.568967
0.105523
0.059275
0.244003
1.005396
0.421770
0.261569
2.180551
2.775366
0.700146
0.143629
0.114247
0.461694
0.571293
0.824645
0.349629
0.155961
0.056065
0.139968
0.025892
0.490522
0.135507
0.269295
0.401902
1.054428
0.584540
0.281985
0.105145
0.445751
1.360758
0.235975
0.156999
0.066473
0.334723
0.533021
2.333783
0.029781
0.032522
1.904746
0.027724
0.847630
0.129076
0.149343
0.271741
1.195870
0.034151
1.277602
0.097090
0.094428
0.091056
0.128709
0.797705
0.258662
0.515549
0.215047
0.165998
0.202282
0.758444
0.319481
1.279983
0.627337
0.943172
0.106703
0.914166
0.205025
0.941292
0.885754
0.250608
1.208308
0.824516
0.297234
0.649555
0.017962
0.612687
0.079206
1.439563
0.740026
0.035655
0.064091
1.445397
0.134148
0.213290
0.676705
0.509721
2.336005
0.047812
1.273688
0.195322
1.027084
0.250333
0.141229
0.441708
0.138699
0.288343
0.277520
0.432123
0.168469
0.147773
1.802944
0.109591
0.032877
0.273210
1.288836
0.052083
0.068101
0.036582
0.021841
1.149830
0.075050
0.088994
0.929511
0.234759
0.356991
0.440724
0.006999
0.347530
0.565069
